0 1
0.26 4.82261e-006
0.52 0.00712823
0.78 -0.0856161
1.04 -0.00463866
1.3 -0.00213966
1.56 0.00494118
1.82 -0.00235761
2.08 -0.00916323
2.34 -0.00349799
2.6 0.00205646
2.86 0.00170983
3.12 0.00669953
3.38 -0.00211151
3.64 -0.000970562
3.9 -0.00331183
4.16 0.00147914
4.42 0.00187732
4.68 0.00171628
4.94 -0.00101412
5.2 -0.00308096
5.46 0.000201534
5.72 -0.000479442
5.98 0.000182645
6.24 0.000325106
6.5 0.000647255
6.76 0.00027695
7.02 -0.000725523
7.28 -5.30552e-005
7.54 0.000375857
7.8 0.000766453
8.06 0.000870384
8.32 -0.000826638
8.58 -0.00241435
8.84 -0.000938854
9.1 0.00104493
9.36 0.00131757
9.62 -0.000132518
9.88 0.00224069
10.14 -0.000830321
10.4 -0.000904864
10.66 -0.000595358
10.92 0.000566169
11.18 -0.000758717
11.44 0.000646454
11.7 0.000521406
11.96 0.0011281
12.22 0.00011771
12.48 -0.000678655
12.74 -0.00162362
13 -0.00177416
13.26 0.00141248
13.52 0.000553131
13.78 0.00127483
14.04 -0.000655417
14.3 0.000305055
14.56 0.000285623
14.82 -0.00265848
15.08 0.000769315
15.34 -0.000916265
15.6 0.00192332
15.86 -0.000680253
16.12 0.00142368
16.38 0.00162474
16.64 0.000426362
16.9 -0.00347469
17.16 -0.0020952
17.42 0.000474164
17.68 0.000878506
17.94 0.00434564
18.2 -0.00114099
18.46 -0.000890187
18.72 -0.00105693
18.98 0.0012186
19.24 -0.0022564
19.5 8.82265e-005
19.76 0.00100629
20.02 -0.000233143
20.28 -0.000802627
20.54 0.000746516
20.8 -0.000688
21.06 0.000320408
21.32 0.000273883
21.58 0.000811078
21.84 -0.000368365
22.1 -0.000793934
22.36 0.000525699
22.62 0.000369874
22.88 -0.000597475
23.14 0.00045251
23.4 7.65123e-005
23.66 -2.34567e-005
23.92 -0.000808862
24.18 0.000304621
24.44 0.000360366
24.7 0.00042113
24.96 -0.000599976
25.22 -1.42757e-006
25.48 -2.83162e-006
25.74 -2.63256e-006
