In-file: sprdata_lengths.txt N: 25 L: 26 lambda: 1 maxlength: 15 avg_aspect_ratio: 5.52 number_of_boxes: 26 rmin: 1 aimed_for_packing_fraction: 0.2 packing_fraction: 0.204142 U0: 450 F: 1 f0: 1 passive_frac: 0 passive_mode: 0 dt: 0.005 SEED 6783
7.04341 25.38 17.3555 25.4303 16.387 1.1333 20.9915 16.138 18.8146 21.4291 21.929 15.2683 17.2838 9.39662 23.2532 15.1231 6.81006 21.3513 6.713 14.5281 7.19086 17.2632 2.20344 16.8131 19.7824 5.69451 3.74053 0.866648 4.19941 10.4828 4.50508 21.0432 9.17132 11.578 4.87379 12.1834 19.6919 17.8103 18.7904 11.1444 8.82071 2.2868 13.496 23.1832 14.1335 19.6526 24.2308 17.4548 15.6495 20.4811
3.14159 -1.5708 -1.5708 -1.5708 1.5708 1.5708 -1.5708 1.5708 3.14159 3.14159 0 0 1.5708 0 0 0 3.14159 3.14159 1.5708 1.5708 0 1.5708 1.5708 -1.5708 1.5708
6.74442 25.38 17.4369 25.775 16.4189 1.42926 20.9468 16.5258 18.7542 21.0081 21.9567 15.0847 17.2838 9.65511 23.2374 14.8067 6.65953 21.3513 6.36106 14.5281 7.2905 17.2632 2.42923 16.8131 19.7928 5.36419 3.89072 0.866646 4.30252 10.4828 4.65561 21.0432 8.98371 11.578 4.61878 12.1834 19.729 17.5657 18.785 10.918 8.97124 2.2868 13.496 22.9917 14.1335 19.553 24.2402 17.6055 15.5288 20.1363
3.14159 -1.5772 -1.58005 -1.56814 1.57538 1.56463 -1.5708 1.56735 3.14159 3.14159 0 0 1.57215 0 0 0 3.14159 3.14159 1.57619 1.57332 0 1.5708 1.5708 -1.57297 1.54711
6.44461 25.38 17.4346 0.110619 16.4158 1.7651 20.9483 16.9261 18.7478 20.5987 21.9582 14.8923 17.2838 9.90967 23.2389 14.4878 6.62497 21.391 6.01065 14.5281 7.39324 17.2632 2.65581 16.8131 19.7928 5.02835 4.04149 0.866646 4.40488 10.4828 4.69005 21.0035 8.79126 11.578 4.36383 12.1834 19.7306 17.3106 18.785 10.691 9.12229 2.2868 13.496 22.7993 14.1335 19.4502 24.2402 17.7565 15.538 19.759
3.14159 -1.5772 -1.58005 -1.56814 1.57614 1.56463 -1.5708 1.56735 -3.12474 3.14159 0 0 1.57215 0 0 0.0168563 3.14159 3.14159 1.5748 1.57332 0 1.5708 1.5708 -1.57297 1.54711
6.1478 25.38 17.4323 0.443115 16.4128 2.0976 20.9499 17.3223 18.7455 20.1925 21.9597 14.7018 17.2838 10.1617 23.2405 14.172 6.58572 21.446 5.66337 14.5281 7.49496 17.2632 2.88013 16.8131 19.7928 4.69585 4.19104 0.866646 4.50623 10.4828 4.72906 20.9485 8.60072 11.578 4.11143 12.1834 19.7291 17.0586 18.785 10.4663 9.27184 2.2868 13.496 22.6087 14.1335 19.3485 24.2402 17.9061 15.5471 19.3856
3.14159 -1.5772 -1.58005 -1.56814 1.57614 1.56463 -1.5708 1.56735 -3.10178 3.14159 0 0 1.57215 0 0 0.0398169 3.14159 3.14159 1.5748 1.57332 0 1.5708 1.5708 -1.57297 1.54711
5.84929 25.38 17.43 0.777283 16.4097 2.43176 20.9514 17.7206 18.741 19.7845 21.9613 14.5103 17.2838 10.415 23.242 13.8546 6.52353 21.5132 5.31432 14.5281 7.5972 17.2632 3.10558 16.8131 19.7928 4.36169 4.34134 0.866646 4.60808 10.4828 4.79154 20.8813 8.40922 11.578 3.85775 12.1834 19.7292 16.8052 18.785 10.2405 9.42214 2.2868 13.496 22.4172 14.1335 19.2463 24.2402 18.0564 15.5562 19.0102
3.14159 -1.5772 -1.58005 -1.56814 1.57633 1.56463 -1.5708 1.56735 -3.07464 3.14159 0 0 1.57215 0 0 0.0669549 3.14159 3.14159 1.57494 1.57332 0 1.5708 1.5708 -1.57297 1.54711
5.5506 25.38 17.4277 1.11145 16.4067 2.76593 20.9529 18.1188 18.7324 19.4654 21.9628 14.3188 17.2838 10.6683 23.2435 13.5372 6.42648 21.5814 4.96528 14.5281 7.69943 17.2632 3.33102 16.8131 19.7928 4.02752 4.49163 0.866646 4.70993 10.4828 4.88859 20.8131 8.21772 11.578 3.60407 12.1834 19.7277 16.5519 18.7883 9.96552 9.57244 2.2868 13.496 22.2258 14.1335 19.144 24.2402 18.2067 15.5654 18.6348
3.14159 -1.5772 -1.58005 -1.56814 1.57776 1.56463 -1.5708 1.56735 -3.04903 3.14159 0 0 1.57215 0 0 0.0925653 3.14159 3.14159 1.57494 1.57521 0 1.5708 1.5708 -1.57297 1.54711
5.25191 25.38 17.4254 1.44562 16.4036 3.1001 20.9544 18.5171 18.7192 19.1707 21.9643 14.1273 17.2838 10.9216 23.245 13.2198 6.29446 21.6296 4.61623 14.5281 7.80167 17.2632 3.55647 16.8131 19.7928 3.69335 4.64193 0.866646 4.81178 10.4828 5.02038 20.7649 8.02622 11.578 3.35039 12.1834 19.7261 16.2986 18.7934 9.67715 9.72274 2.2868 13.496 22.0343 14.1335 19.0418 24.2402 18.357 15.5745 18.2595
3.14159 -1.5772 -1.58005 -1.56814 1.58018 1.56463 -1.5708 1.56735 -3.03427 3.14159 0 0 1.57215 0 0 0.107326 3.14159 3.14159 1.57494 1.57845 0 1.5708 1.5708 -1.57297 1.54711
4.95322 25.38 17.4231 1.77979 16.4006 3.43427 20.956 18.9153 18.7018 18.8702 21.9658 13.9358 17.2838 11.1749 23.2466 12.9025 6.14743 21.6582 4.26719 14.5281 7.9039 17.2632 3.78192 16.8131 19.7928 3.35918 4.79223 0.866646 4.91364 10.4828 5.16703 20.7363 7.83472 11.578 3.09672 12.1834 19.7246 16.0453 18.7997 9.39192 9.87304 2.2868 13.496 21.8428 14.1335 18.9396 24.2402 18.5073 15.5837 17.8841
3.14159 -1.5772 -1.58005 -1.56814 1.58329 1.56463 -1.5708 1.56735 -3.02904 3.14159 0 0 1.57215 0 0 0.112548 3.14159 3.14159 1.57494 1.58266 0 1.5708 1.5708 -1.57297 1.54711
4.65453 25.38 17.4209 2.11395 16.3975 3.76843 20.9575 19.3136 18.6785 18.5683 21.9674 13.7443 17.2838 11.4282 23.2481 12.5851 5.9979 21.675 3.91814 14.5281 8.00613 17.2632 4.00737 16.8131 19.7928 3.02502 4.94253 0.866646 5.01549 10.4828 5.31618 20.7195 7.64323 11.578 2.84304 12.1834 19.7231 15.792 18.8077 9.10751 10.0233 2.2868 13.496 21.6513 14.1335 18.8373 24.2402 18.6576 15.5928 17.5087
3.14159 -1.5772 -1.58005 -1.56814 1.58747 1.56463 -1.5708 1.56735 -3.02904 3.14159 0 0 1.57215 0 0 0.112548 3.14159 3.14159 1.57494 1.58833 0 1.5708 1.5708 -1.57297 1.54711
4.35584 25.38 17.4186 2.44812 16.3945 4.1026 20.959 19.7118 18.6486 18.2591 21.9689 13.5528 17.2838 11.6815 23.2496 12.2677 5.84875 21.6918 3.5691 14.5281 8.10837 17.2632 4.23282 16.8131 19.7928 2.69085 5.09283 0.866646 5.11734 10.4828 5.46534 20.7027 7.45173 11.578 2.58936 12.1834 19.7216 15.5387 18.8172 8.82705 10.1736 2.2868 13.496 21.4598 14.1335 18.7351 24.2402 18.8079 15.602 17.1334
3.14159 -1.5772 -1.58005 -1.56814 1.59275 1.56463 -1.5708 1.56735 -3.02904 3.14159 0 0 1.57215 0 0 0.112548 3.14159 3.14159 1.57494 1.59555 0 1.5708 1.5708 -1.57297 1.54711
4.05715 25.38 17.4163 2.78229 16.3914 4.43677 20.9605 20.1101 18.6124 17.937 21.9704 13.3613 17.2838 11.9348 23.2511 11.9503 5.69959 21.7086 3.22005 14.5281 8.2106 17.2632 4.45827 16.8131 19.7928 2.35668 5.24313 0.866646 5.21919 10.4828 5.61449 20.6859 7.26023 11.578 2.33568 12.1834 19.72 15.2854 18.8275 8.55401 10.3239 2.2868 13.496 21.2683 14.1335 18.6329 24.2402 18.9582 15.6112 16.758
3.14159 -1.5772 -1.58005 -1.56814 1.59897 1.56463 -1.5708 1.56735 -3.02904 3.14159 0 0 1.57215 0 0 0.112548 3.14159 3.14159 1.57494 1.60407 0 1.5708 1.5708 -1.57297 1.54711
3.75846 25.38 17.414 3.11646 16.3884 4.77094 20.9621 20.5084 18.5699 17.6008 21.9719 13.1698 17.2838 12.1881 23.2527 11.6329 5.55044 21.7253 2.87101 14.5281 8.31284 17.2632 4.68372 16.8131 19.7928 2.02251 5.39343 0.866646 5.32105 10.4828 5.76365 20.6692 7.06873 11.578 2.08201 12.1834 19.7185 15.0322 18.838 8.28916 10.4742 2.2868 13.496 21.0768 14.1335 18.5306 24.2402 19.1085 15.6203 16.3826
3.14159 -1.5772 -1.58005 -1.56814 1.606 1.56463 -1.5708 1.56735 -3.02904 3.14159 0 0 1.57215 0 0 0.112548 3.14159 3.14159 1.57494 1.61372 0 1.5708 1.5708 -1.57297 1.54711
3.45977 25.38 17.4117 3.45062 16.3853 5.1051 20.9636 20.9066 18.5343 17.2586 21.9735 12.9783 17.2729 12.4409 23.2131 11.3392 5.40128 21.7421 2.5841 14.5092 8.41507 17.2632 4.90916 16.8131 19.7928 1.68835 5.54373 0.866646 5.4229 10.4828 5.9128 20.6524 6.87724 11.578 1.82833 12.1834 19.717 14.7789 18.8505 8.0282 10.6245 2.2868 13.496 20.8853 14.1335 18.4284 24.2402 19.2588 15.6295 16.0073
3.14159 -1.5772 -1.58005 -1.56814 1.61099 1.56463 -1.56587 1.55317 -3.02904 3.13605 0 0 1.57215 0 0 0.112548 3.14159 3.14159 1.57494 1.62549 0 1.5708 1.5708 -1.57297 1.54711
3.16108 25.38 17.4094 3.78479 16.3985 5.41107 20.9651 21.3049 18.5042 16.908 21.975 12.7868 17.2572 12.6897 23.1109 11.0664 5.25213 21.7589 2.40386 14.4719 8.5173 17.2632 5.13461 16.8131 19.7928 1.35418 5.69403 0.866646 5.52475 10.4828 6.06212 20.6356 6.68574 11.578 1.57465 12.1834 19.7155 14.5256 18.8611 7.77562 10.7748 2.2868 13.496 20.6938 14.1335 18.3261 24.2402 19.4091 15.6208 15.6637
3.14159 -1.5772 -1.57503 -1.56814 1.61496 1.56463 -1.55832 1.51488 -3.02904 3.12561 0 0 1.57215 0 0 0.112548 3.14159 3.14159 1.57494 1.63753 0 1.5708 1.5708 -1.57297 1.55153
2.86239 25.38 17.4407 4.12811 16.4457 5.66151 20.9667 21.7031 18.4665 16.5353 21.9204 12.6066 17.2518 12.943 23.073 10.739 5.10297 21.7757 2.2718 14.4619 8.61954 17.2632 5.36006 16.8131 19.7928 1.02001 5.84433 0.866646 5.6266 10.4828 6.21165 20.6188 6.49424 11.578 1.32097 12.1834 19.7139 14.2723 18.8657 7.53191 10.9251 2.2868 13.496 20.5023 14.1335 18.2239 24.2402 19.5594 15.5395 15.3723
3.14159 -1.56719 -1.55623 -1.56814 1.61985 1.53625 -1.55411 1.48696 -3.02904 3.12337 0 0 1.57215 0 0 0.112548 3.14159 3.14159 1.57494 1.64799 0 1.5708 1.5708 -1.57297 1.57317
2.5637 25.38 17.4395 4.44221 16.4449 5.99048 20.9682 22.1014 18.4526 16.1935 21.8929 12.4056 17.2351 13.1934 23.069 10.3963 4.95382 21.7925 2.05103 14.4925 8.72177 17.2632 5.58551 16.8131 19.7928 0.685844 5.99463 0.866646 5.72846 10.4828 6.36119 20.602 6.30274 11.578 1.0673 12.1834 19.7124 14.019 18.8742 7.29067 11.0754 2.2868 13.496 20.3108 14.1335 18.1217 24.2402 19.7097 15.5318 14.9982
3.14159 -1.56801 -1.55648 -1.56814 1.62085 1.51872 -1.54438 1.47308 -3.02904 3.13335 0 0 1.57215 0 0 0.112548 3.14159 3.14159 1.57494 1.66142 0 1.5708 1.5708 -1.57297 1.57479
2.26501 25.38 17.4062 4.63264 16.37 6.29085 20.9697 22.4996 18.5134 16.0789 21.8903 12.2065 17.242 13.4467 23.1043 10.0754 4.80466 21.8093 1.72386 14.5049 8.82401 17.2632 5.81096 16.8131 19.7928 0.351677 6.14492 0.866646 5.83031 10.4828 6.51073 20.5852 6.11124 11.578 0.81362 12.1834 19.7109 13.7657 18.9128 7.02234 11.2257 2.2868 13.496 20.1193 14.1335 18.0194 24.2402 19.86 15.4877 14.629
3.14159 -1.57846 -1.5656 -1.56814 1.60639 1.5121 -1.54438 1.47454 -3.02904 3.1375 0 0 1.57215 0 0 0.112548 3.14159 3.14159 1.57494 1.69262 0 1.5708 1.5708 -1.57297 1.58411
1.96631 25.38 17.3861 4.94458 16.3315 6.59615 20.9712 22.8979 18.5355 15.8024 21.8978 12.0137 17.2488 13.7 23.1408 9.7627 4.65551 21.826 1.37481 14.5034 8.92624 17.2632 6.03635 16.8131 19.7928 0.0175095 6.29522 0.866646 5.93216 10.4828 6.66026 20.5685 5.91975 11.578 0.559942 12.1834 19.7094 13.5124 18.9349 6.7527 11.376 2.2868 13.496 19.9278 14.1335 17.9172 24.2402 20.0103 15.4323 14.2704
3.14159 -1.58369 -1.56629 -1.56814 1.59967 1.50981 -1.54438 1.47691 -3.02904 3.1375 0 0 1.57215 0 0 0.112548 3.14159 3.14159 1.57494 1.72007 0 1.5708 1.5708 -1.57297 1.59294
1.66613 25.38 17.3678 5.26891 16.3102 6.91988 20.9728 23.2981 18.5253 15.4708 21.9052 11.821 17.2557 13.9545 23.1773 9.44678 4.50561 21.8429 1.02402 14.5018 9.02898 17.2632 6.26254 16.8131 19.7928 25.682 6.44627 0.866646 6.03465 10.4828 6.81055 20.5516 5.72729 11.578 0.304996 12.1834 19.7078 13.2578 18.9409 6.50008 11.5271 2.2868 13.496 19.7353 14.1335 17.8145 24.2402 20.1613 15.4004 13.8979
3.14159 -1.58401 -1.56729 -1.56814 1.59965 1.50743 -1.54438 1.47935 -3.02904 3.1375 0 0 1.57215 0 0 0.112548 3.14159 3.14159 1.57494 1.74137 0 1.5708 1.5708 -1.57297 1.59622
1.36744 25.38 17.3539 5.60019 16.2991 7.24823 20.9743 23.6964 18.5 15.1054 21.9174 11.6303 17.2626 14.2078 23.2063 9.13093 4.35645 21.8597 0.674978 14.5003 9.13122 17.2632 6.48761 16.8131 19.7928 25.3482 6.59657 0.866646 6.13689 10.4828 6.96008 20.5348 5.53579 11.578 0.0513191 12.1834 19.7063 13.0045 18.9325 6.26091 11.6774 2.2868 13.496 19.5438 14.1335 17.7122 24.2402 20.3116 15.3797 13.5245
3.14159 -1.58373 -1.56801 -1.56814 1.60277 1.50743 -1.54438 1.47935 -3.02904 3.1375 0 0 1.57215 0 0 0.112548 3.14159 3.14159 1.57494 1.75735 0 1.5708 1.5708 -1.57297 1.59744
1.06875 25.38 17.3257 5.92735 16.2812 7.57425 20.9758 24.0946 18.49 14.7507 21.9197 11.4411 17.2695 14.4611 23.2038 8.82458 4.2073 21.8765 0.325933 14.4988 9.23345 17.2632 6.71267 16.8131 19.7928 25.0145 6.74687 0.866646 6.23912 10.4828 7.10962 20.518 5.3443 11.578 25.8479 12.1765 19.7048 12.7512 18.9309 6.02163 11.8277 2.2868 13.4667 19.3931 14.1512 17.5883 24.2402 20.4619 15.3503 13.1508
3.14159 -1.58285 -1.56889 -1.56814 1.60261 1.50267 -1.54438 1.46876 -3.02904 3.1375 0 0 1.57215 0 0 0.112548 3.14159 3.13859 1.57494 1.77885 0 1.58479 1.5708 -1.57297 1.59933
0.768564 25.38 17.2917 6.25193 16.2641 7.90037 20.9773 24.4949 18.4871 14.3847 21.8757 11.2608 17.2764 14.7157 23.1886 8.49001 4.0574 21.8934 25.9751 14.4973 9.3362 17.2632 6.93887 16.8131 19.7928 24.679 6.89792 0.866646 6.34187 10.4828 7.2599 20.5011 5.15184 11.578 25.7416 12.177 19.7032 12.4967 18.9271 5.79083 11.9787 2.2868 13.4636 19.2006 14.1512 17.4856 24.2402 20.613 15.3172 12.7764
3.14159 -1.57808 -1.56923 -1.56814 1.60076 1.48633 -1.54438 1.44781 -3.02904 3.1375 0 0 1.57215 0 0 0.112548 3.14159 3.13904 1.57494 1.80064 0 1.58479 1.5708 -1.57297 1.60065
0.469873 25.38 17.2676 6.57864 16.2587 8.22761 20.9789 24.8931 18.4745 13.9926 21.8772 11.074 17.2832 14.969 23.2017 8.14539 3.90824 21.9101 25.6257 14.4957 9.47565 17.2827 7.08161 16.7756 19.7928 24.3452 7.04822 0.866646 6.4441 10.4828 7.40944 20.4844 4.96034 11.578 25.5426 12.1934 19.7017 12.2434 18.9081 5.57214 12.129 2.2868 13.4265 19.0467 14.1705 17.3633 24.2402 20.7633 15.2887 12.4041
3.14159 -1.57266 -1.56814 -1.56814 1.60086 1.48633 -1.54438 1.43518 -3.02904 3.1375 0 0.0169456 1.57215 0 0 0.112548 3.14159 -3.13718 1.57494 1.81588 0 1.60038 1.5708 -1.57297 1.60099
0.171183 25.38 17.2623 6.91121 16.2617 8.55822 20.9804 25.2914 18.4637 13.5849 21.8804 10.8747 17.2901 15.2223 23.2544 7.83543 3.75909 21.9269 25.2763 14.4942 9.59571 17.2937 7.26731 16.7504 19.7928 24.0114 7.19852 0.866646 6.54633 10.4828 7.55898 20.4676 4.76884 11.578 25.2982 12.2009 19.7002 11.9901 18.8621 5.35619 12.2793 2.2868 13.3848 18.8882 14.192 17.2434 24.2402 20.9136 15.2664 12.031
3.14159 -1.56975 -1.56639 -1.56814 1.60056 1.48633 -1.54438 1.43891 -3.02904 3.1375 0 0.0267532 1.57215 0 0 0.112548 3.14159 -3.13455 1.57494 1.81968 0 1.61777 1.5708 -1.57297 1.60077
25.8723 25.38 17.2493 7.24162 16.2638 8.88934 20.9819 25.6896 18.4287 13.233 21.8919 10.6818 17.297 15.4756 23.3022 7.52451 3.60993 21.9437 24.9268 14.4927 9.73123 17.3191 7.41908 16.6965 19.7928 23.6777 7.34882 0.866646 6.64857 10.4828 7.70851 20.4508 4.57735 11.578 25.0449 12.2024 19.6987 11.7368 18.8358 5.11235 12.4296 2.2868 13.3756 18.6967 14.192 17.1412 24.2402 21.0639 15.2458 11.6573
3.14159 -1.56588 -1.56494 -1.56814 1.60585 1.48633 -1.54438 1.44128 -3.02904 3.1375 0 0.0495396 1.57215 0 0 0.112548 3.14159 -3.13455 1.57494 1.82645 0 1.61777 1.5708 -1.57297 1.60021
25.5733 25.38 17.2166 7.56615 16.2355 9.21677 20.9835 0.0879021 18.4164 12.9434 21.9079 10.491 17.3038 15.7289 23.3434 7.21017 3.46078 21.9605 24.5774 14.4912 9.84837 17.3338 7.61148 16.6585 19.7928 23.3439 7.49912 0.866646 6.7508 10.4828 7.85805 20.434 4.38585 11.578 24.7916 12.204 19.6971 11.4835 18.8281 4.84306 12.5799 2.2868 13.3269 18.5312 14.216 17.0251 24.2402 21.2142 15.232 11.2828
3.14159 -1.55798 -1.55975 -1.56814 1.60644 1.48633 -1.54438 1.44128 -3.02904 3.1375 0 0.0627496 1.57215 0 0 0.112548 3.14159 -3.13455 1.57494 1.83613 0 1.6372 1.5708 -1.57297 1.5999
25.2742 25.38 17.1816 7.88564 16.2188 9.54586 20.985 0.486156 18.3983 12.6428 21.9239 10.3003 17.3107 15.9822 23.3846 6.89584 3.31162 21.9773 24.228 14.4896 9.96373 17.35 7.80795 16.6154 19.7928 23.0101 7.64942 0.866646 6.85303 10.4828 8.00758 20.4172 4.19435 11.578 24.5383 12.2055 19.6956 11.2302 18.8188 4.58295 12.7302 2.2868 13.3139 18.3404 14.216 16.9229 24.2402 21.3645 15.2166 10.9081
3.14159 -1.55037 -1.55071 -1.56814 1.60795 1.48633 -1.54438 1.44128 -3.02904 3.1375 0 0.0773372 1.57215 0 0 0.112548 3.14159 -3.13455 1.57494 1.84553 0 1.6372 1.5708 -1.57297 1.59943
24.9751 25.38 17.1682 8.2117 16.2098 9.87733 20.9865 0.884411 18.3609 12.3042 21.9399 10.1096 17.3176 16.2355 23.4258 6.58151 3.16247 21.9941 23.8786 14.4881 10.066 17.35 8.03225 16.5979 19.7928 22.6763 7.79972 0.866646 6.95527 10.4828 8.15712 20.4004 4.00285 11.578 24.285 12.207 19.6941 10.9769 18.7977 4.33775 12.8805 2.2868 13.3009 18.1497 14.216 16.8206 24.2402 21.5148 15.206 10.5327
3.14159 -1.54469 -1.54565 -1.56814 1.61318 1.48633 -1.54438 1.44128 -3.02904 3.1375 0 0.0773372 1.57215 0 0 0.112548 3.14159 -3.13455 1.57494 1.85285 0 1.6372 1.5708 -1.57297 1.59943
24.7948 25.3999 17.1555 8.54422 16.2 10.2069 20.8783 1.24721 18.2009 12.0263 21.956 9.91884 17.3267 16.4899 23.467 6.26718 3.01332 22.0108 23.7181 14.4249 10.1784 17.3681 8.2347 16.5456 19.7928 22.3425 7.95002 0.866646 7.0575 10.4828 8.30666 20.3837 3.81136 11.578 24.0317 12.2085 19.6926 10.7236 18.7589 4.10551 13.0308 2.2868 13.288 17.959 14.216 16.7184 24.2402 21.6651 15.1953 10.1573
-3.13425 -1.53816 -1.54158 -1.5605 1.59926 1.48633 -1.5455 1.44128 -3.02904 3.1194 0 0.0934922 1.57215 0 0 0.112548 3.14159 -3.13455 1.57494 1.85724 0 1.6372 1.5708 -1.57297 1.59943
24.7115 25.4454 17.0972 8.85606 16.1457 10.5089 20.7445 1.57179 18.1722 11.8341 21.972 9.72811 17.2875 16.7417 23.5082 5.95285 2.86416 22.0276 23.6636 14.3408 10.2806 17.3681 8.45901 16.5242 19.7365 22.0082 8.10032 0.866646 7.15974 10.4828 8.45619 20.3669 3.61986 11.578 23.7784 12.2101 19.691 10.4703 18.7293 3.86852 13.1811 2.2868 13.275 17.7682 14.216 16.6162 24.2402 21.8154 15.1312 9.79467
-3.118 -1.54441 -1.54397 -1.5584 1.59601 1.48633 -1.54138 1.44128 -3.02904 3.09509 0 0.0934922 1.57554 0 0 0.112548 3.14159 -3.13455 1.57494 1.86336 0 1.6372 1.5708 -1.57297 1.5919
24.6211 25.446 17.0658 9.17805 16.1098 10.8223 20.6635 1.94244 18.1032 11.5838 21.988 9.53737 17.2402 16.9914 23.5494 5.63852 2.71501 22.0444 23.6056 14.2639 10.3828 17.3681 8.68331 16.5029 19.6383 21.7052 8.25061 0.866646 7.26197 10.4828 8.60573 20.3501 3.42836 11.578 23.5251 12.2116 19.6895 10.217 18.6812 3.64305 13.3314 2.2868 13.262 17.5775 14.216 16.5139 24.2402 21.9657 15.0934 9.42504
-3.1186 -1.54956 -1.54915 -1.56632 1.59526 1.48633 -1.5453 1.44128 -3.02904 3.07336 0 0.0934922 1.57353 0 0 0.112548 3.14159 -3.13455 1.57494 1.86643 0 1.6372 1.5708 -1.57297 1.59031
24.4916 25.4957 17.0394 9.51964 16.0733 11.1264 20.6129 2.23114 18.0355 11.3078 22.004 9.34664 17.1868 17.245 23.5906 5.32419 2.56585 22.0612 23.5692 14.1915 10.4851 17.3681 8.90762 16.4815 19.5666 21.3952 8.40091 0.866646 7.3642 10.4828 8.75526 20.3333 3.23686 11.578 23.2718 12.2131 19.671 9.96663 18.6439 3.41056 13.4817 2.2868 13.2491 17.3868 14.216 16.4117 24.2402 22.1157 15.0257 9.06011
-3.10139 -1.54564 -1.55079 -1.56334 1.59432 1.48633 -1.55196 1.44128 -3.02904 3.05289 0 0.0934922 1.57103 0 0 0.112548 3.14159 -3.13455 1.57936 1.87156 0 1.6372 1.5708 -1.57297 1.58748
24.4076 25.5749 16.9726 9.83866 16.0136 11.4202 20.5102 2.50473 18.0001 11.0175 22.0201 9.1559 17.1517 17.4934 23.6318 5.00986 2.4167 22.078 23.5262 14.1585 10.5873 17.3681 9.13192 16.4601 19.4991 21.0672 8.55121 0.866646 7.46644 10.4828 8.9048 20.3165 3.04536 11.578 23.0185 12.2146 19.6562 9.71365 18.6212 3.17464 13.632 2.2868 13.2361 17.196 14.216 16.3095 24.2402 22.2656 14.9541 8.69634
-3.07396 -1.54662 -1.55074 -1.55599 1.59394 1.48633 -1.54094 1.44128 -3.02904 3.04434 0 0.0934922 1.56759 0 0 0.112548 3.14159 -3.13455 1.58307 1.87921 0 1.6372 1.5708 -1.57297 1.58471
24.371 25.6554 16.931 10.1631 15.9873 11.7068 20.4762 2.73836 17.9407 10.6545 22.0361 8.96517 17.1377 17.746 23.673 4.69553 2.26754 22.0948 23.3937 14.1412 10.6895 17.3681 9.35622 16.4388 19.3749 20.769 8.70151 0.866646 7.56867 10.4828 9.05434 20.2997 2.85387 11.578 22.7652 12.2162 19.6104 9.46875 18.5937 2.95039 13.7446 2.25259 13.2231 17.0053 14.216 16.2072 24.2402 22.4155 14.9573 8.44283
-3.0455 -1.54757 -1.5507 -1.5504 1.59554 1.48633 -1.54286 1.44128 -3.02904 3.04302 0 0.0934922 1.55412 0 0 0.112548 3.14159 -3.13455 1.58912 1.8858 0.0144341 1.6372 1.5708 -1.57297 1.56743
24.3015 25.6988 16.9402 10.5306 15.9893 11.9691 20.4049 3.06024 17.8965 10.4062 22.0521 8.77443 17.0857 17.996 23.7142 4.3812 2.11839 22.1116 23.3229 14.0285 10.7918 17.3681 9.58053 16.4174 19.2969 20.4637 8.85181 0.866646 7.67091 10.4828 9.20387 20.2829 2.66237 11.578 22.5119 12.2177 19.5806 9.22132 18.5453 2.73196 13.823 2.19334 13.2102 16.8146 14.216 16.105 24.2402 22.5654 14.9604 8.25415
-3.03216 -1.55275 -1.56468 -1.54209 1.59522 1.48633 -1.53578 1.44128 -3.02904 3.01232 0 0.0934922 1.53995 0 0 0.112548 3.14159 -3.13455 1.5884 1.88926 0.0387245 1.6372 1.5708 -1.57297 1.53636
24.1372 25.702 16.8833 10.8842 15.9541 12.2345 20.3561 3.47863 17.8587 10.1887 22.0681 8.5837 17.0676 18.2388 23.7601 4.07943 1.96923 22.1283 23.2663 13.9321 10.894 17.3681 9.80483 16.3961 19.2713 20.1342 9.00211 0.866646 7.77314 10.4828 9.35341 20.2662 2.47087 11.578 22.2586 12.2192 19.5579 8.97069 18.5285 2.50745 13.9054 2.15362 13.1972 16.6238 14.216 16.0028 24.2402 22.7153 14.9706 7.9775
-3.03461 -1.54973 -1.56466 -1.5343 1.59229 1.48633 -1.527 1.43913 -3.02904 2.98645 0 0.0934922 1.53287 0 0 0.112548 3.14159 -3.13455 1.59432 1.8979 0.0539162 1.6372 1.5708 -1.57297 1.50435
24.0784 25.6171 16.8306 11.1998 15.911 12.5528 20.3083 3.78401 17.8024 9.9481 22.0841 8.39296 17.0498 18.4897 23.7617 3.98747 1.82008 22.1451 23.1914 13.8244 10.9962 17.3681 10.0291 16.3747 19.2222 19.8058 9.15241 0.866646 7.87537 10.4828 9.50294 20.2494 2.27937 11.578 22.0076 12.2161 19.5206 8.72321 18.4845 2.28928 14.0093 2.1348 13.1842 16.4331 14.216 15.9005 24.2402 22.8652 15.025 7.62831
-3.0067 -1.55145 -1.56143 -1.52128 1.59181 1.48633 -1.52166 1.44265 -3.02904 2.95847 0 0.0934922 1.51687 0 0 0.112548 3.14159 -3.13657 1.60346 1.90237 0.0592773 1.6372 1.5708 -1.57297 1.48176
23.9735 25.4963 16.8202 11.5276 15.8778 12.8816 20.2856 4.16719 17.7334 9.72906 22.1002 8.20223 17.0164 18.7242 23.7499 3.88515 1.67092 22.1619 23.1093 13.7727 11.0985 17.3681 10.2534 16.3533 19.1983 19.4862 9.30271 0.866646 7.97761 10.4828 9.65248 20.2326 2.08788 11.578 21.7841 12.1343 19.4938 8.47575 18.4351 2.07246 14.1352 2.12667 13.1712 16.2424 14.216 15.7983 24.2402 23.0152 15.0152 7.27598
-2.99652 -1.55251 -1.56922 -1.51413 1.59206 1.48633 -1.50157 1.45095 -3.02904 2.94191 0 0.0934922 1.50302 0 0 0.112548 3.14159 3.11226 1.61029 1.90618 0.059448 1.6372 1.5708 -1.57297 1.46572
23.8214 25.3929 16.7253 11.8426 15.8308 13.1906 20.2196 4.52677 17.6856 9.51028 22.1162 8.01149 17.024 18.9772 23.7549 3.79787 1.52177 22.1787 23.0768 13.7227 11.2007 17.3681 10.4777 16.332 19.2212 19.1536 9.45301 0.866646 8.07984 10.4828 9.80202 20.2158 1.89638 11.578 21.5388 12.0562 19.4783 8.22441 18.3939 1.85426 14.2337 2.09679 13.1583 16.0516 14.216 15.6961 24.2402 23.1651 15.0687 6.96677
-2.9773 -1.55429 -1.55827 -1.49762 1.58692 1.48633 -1.49694 1.45282 -3.02904 2.92442 0 0.0934922 1.50302 0 0 0.112548 3.14159 3.08315 1.61242 1.91134 0.0694326 1.6372 1.5708 -1.57297 1.43701
23.6689 25.2966 16.6589 12.1557 15.7682 13.5036 20.1506 4.62395 17.6078 9.1934 22.1322 7.82076 17.0423 19.2297 23.7887 3.68289 1.37261 22.1955 23.0375 13.7252 11.3029 17.3681 10.6872 16.3148 19.244 18.8209 9.60331 0.866646 8.18208 10.4828 9.95155 20.199 1.70488 11.578 21.3242 12.1076 19.4045 7.98904 18.3318 1.64088 14.3484 2.08172 13.1558 15.8569 14.216 15.5938 24.2402 23.315 15.163 6.60464
-2.96296 -1.55761 -1.55853 -1.47992 1.58597 1.48633 -1.49694 1.44611 -3.02904 2.92308 0 0.0922007 1.50302 0 0 0.112548 3.14159 3.06692 1.63866 1.91338 0.0723476 1.6372 1.5708 -1.57297 1.42067
23.4643 25.2345 16.6269 12.4845 15.7373 13.8287 20.0762 4.70529 17.536 8.82184 22.1482 7.63002 17.0606 19.4823 23.8556 3.51002 1.22346 22.2123 22.8729 13.7317 11.4052 17.3681 10.8413 16.3236 19.2669 18.4883 9.7536 0.866646 8.28431 10.4828 10.1011 20.1822 1.51338 11.578 21.0877 12.189 19.3743 7.73558 18.2737 1.42949 14.4744 2.06216 13.1925 15.6379 14.216 15.4916 24.2402 23.4649 15.2398 6.2563
-2.95501 -1.55707 -1.55702 -1.45645 1.58478 1.48633 -1.49694 1.43128 -3.02904 2.93218 0 0.0816594 1.50302 0 0 0.112548 3.14159 3.05355 1.64385 1.91602 0.076803 1.6372 1.5708 -1.57297 1.40919
23.3243 25.2142 16.5291 12.8078 15.6415 14.1518 20.1058 4.84826 17.4541 8.56443 22.1643 7.43929 17.0819 19.7449 23.8735 3.41623 1.0743 22.229 22.7961 13.7247 11.5074 17.3681 10.9254 16.2662 19.2898 18.1557 9.9039 0.866646 8.38654 10.4828 10.2506 20.1655 1.32188 11.578 20.8924 12.191 19.346 7.4864 18.2135 1.21999 14.5746 2.03333 13.233 15.4959 14.2435 15.3856 24.2151 23.5476 15.3595 5.92432
-2.95176 -1.55649 -1.55574 -1.42963 1.58045 1.48633 -1.49788 1.42978 -3.02904 2.9347 0 0.104755 1.50302 0 0 0.112548 3.14159 3.01278 1.64816 1.91823 0.085563 1.67972 1.5708 -1.58363 1.38679
23.2563 25.2212 16.4493 13.1119 15.5319 14.4608 20.08 4.89757 17.3975 8.25248 22.1803 7.24855 17.1022 20.0048 23.8513 3.43298 0.92515 22.2458 22.7836 13.7054 11.6096 17.3681 10.9776 16.2014 19.2798 17.9401 10.0542 0.866646 8.48878 10.4828 10.4002 20.1487 1.13039 11.578 20.7488 12.2471 19.3082 7.23623 18.1528 0.987389 14.6918 2.02045 13.243 15.361 14.2989 15.278 24.1609 23.5584 15.4468 5.54279
-2.95435 -1.55741 -1.55913 -1.42547 1.58445 1.48633 -1.49856 1.43649 -3.02904 2.93852 0 0.131985 1.51077 0 0 0.112548 3.14159 2.95737 1.65557 1.91485 0.0867133 1.73204 1.5708 -1.60657 1.37547
23.1886 25.2289 16.3973 13.4301 15.5076 14.7669 20.1027 4.91859 17.354 7.99954 22.1963 7.05782 17.1289 20.2759 23.8358 3.45147 0.775995 22.2626 22.6854 13.6852 11.7119 17.3681 11.0425 16.1413 19.2359 17.9096 10.2045 0.866646 8.59101 10.4828 10.5497 20.1319 0.938889 11.578 20.5418 12.2228 19.2868 6.98369 18.1513 0.717491 14.7257 1.94613 13.2786 15.2111 14.3266 15.1743 24.1023 23.5644 15.5385 5.26698
-2.95885 -1.56361 -1.56303 -1.40926 1.57392 1.48633 -1.50177 1.44092 -3.02904 2.93615 0 0.15551 1.52519 0 0 0.112548 3.14159 2.92024 1.65557 1.90044 0.11687 1.77924 1.5708 -1.63136 1.3767
23.1006 25.2295 16.3391 13.7645 15.4382 15.1008 20.1949 5.03555 17.3229 7.79419 22.2122 6.86804 17.1464 20.5276 23.8342 3.47412 0.627586 22.2793 22.6007 13.6509 11.8136 17.3681 11.0995 16.0739 19.1996 17.8142 10.354 0.866646 8.69273 10.4828 10.6985 20.1152 0.748348 11.578 20.3293 12.1296 19.2655 6.73242 18.1711 0.512787 14.7285 1.87804 13.311 15.0655 14.3542 15.0724 24.0409 23.5692 15.6491 4.91409
-2.96447 -1.566 -1.56807 -1.38947 1.56788 1.48633 -1.50177 1.44049 -3.02904 2.91424 0 0.18219 1.53797 0 0 0.112548 3.14159 2.89905 1.65557 1.89665 0.145431 1.83183 1.5708 -1.65723 1.38197
23.0308 25.2257 16.2691 14.0646 15.3761 15.4007 20.2352 5.01019 17.299 7.5919 22.2283 6.6773 17.1671 20.7858 23.8612 3.47421 0.478432 22.2961 22.4765 13.6429 11.9158 17.3681 11.1691 16.0128 19.1434 17.7163 10.5043 0.866646 8.79497 10.4828 10.848 20.0984 0.55685 11.578 20.216 12.05 19.2442 6.47989 18.1655 0.325607 14.762 1.85556 13.3247 14.9064 14.365 14.9729 23.978 23.5793 15.7204 4.52318
-2.97098 -1.56569 -1.56454 -1.36849 1.56578 1.48633 -1.50323 1.43135 -3.02904 2.88603 0 0.204088 1.55642 0 0 0.112548 3.14159 2.87458 1.65557 1.88154 0.152685 1.88011 1.5708 -1.68345 1.39358
23.01 25.2545 16.226 14.4083 15.3344 15.7529 20.3402 5.08603 17.2195 7.35971 22.2443 6.48657 17.1861 21.041 23.9234 3.44498 0.329277 22.3129 22.4144 13.598 12.0181 17.3681 11.2204 15.9568 19.1154 17.5676 10.6546 0.866646 8.8972 10.4828 10.9976 20.0816 0.365353 11.578 20.0112 11.8692 19.2228 6.22736 18.1407 0.140018 14.7823 1.77784 13.3412 14.7406 14.3592 14.8684 23.9132 23.6052 15.7675 4.33418
-2.95737 -1.56277 -1.56146 -1.34478 1.55893 1.48633 -1.5041 1.41185 -3.02904 2.85407 0 0.224562 1.56573 0 0 0.112548 3.14159 2.86346 1.65557 1.8219 0.183985 1.934 1.5708 -1.70946 1.40989
22.9466 25.2701 16.2262 14.6299 15.3327 15.9804 20.3971 5.08867 17.2354 7.17602 22.2603 6.29583 17.2028 21.2939 24.0278 3.359 0.180122 22.3297 22.3302 13.5823 12.1203 17.3681 11.2208 15.9055 19.0819 17.4082 10.8049 0.866646 8.99944 10.4828 11.1471 20.0648 0.173855 11.578 20.0177 11.7557 19.2015 5.97482 18.1175 25.9881 14.782 1.66924 13.289 14.6433 14.3107 14.7649 23.8458 23.647 15.8139 4.19327
-2.95649 -1.5523 -1.55261 -1.32408 1.56625 1.48633 -1.5041 1.38187 -3.02904 2.81286 0 0.247942 1.57633 0 0 0.112548 3.14159 2.82044 1.65557 1.7917 0.229279 1.96648 1.5708 -1.73508 1.43052
22.9856 25.2594 16.1813 14.9611 15.3108 16.3212 20.5024 5.0853 17.1521 7.01328 22.2763 6.1051 17.211 21.4951 24.1137 3.25369 0.0309677 22.3465 22.2331 13.5449 12.2225 17.3681 11.2198 15.8521 19.0402 17.2516 10.9552 0.866646 9.10167 10.4828 11.2966 20.048 25.9824 11.578 19.9016 11.6078 19.1801 5.72229 18.1057 25.8442 14.7813 1.55851 13.2791 14.5544 14.3132 14.6214 23.7734 23.7011 15.859 4.04906
-2.95187 -1.54974 -1.54974 -1.31069 1.55889 1.48633 -1.52279 1.36025 -3.02904 2.77472 0 0.272151 1.58901 0 0 0.112548 3.14159 2.79282 1.65557 1.78827 0.274891 1.99827 1.5708 -1.76136 1.45053
23.0483 25.2666 16.1681 15.1409 15.2948 16.491 20.6264 5.16556 17.1318 6.89259 22.2923 5.91436 17.1492 21.5808 24.1537 3.19994 25.8815 22.3632 22.133 13.4806 12.3248 17.3681 11.2178 15.7999 18.9978 17.093 11.1055 0.866646 9.2039 10.4828 11.4462 20.0313 25.7909 11.578 19.896 11.4944 19.1587 5.46976 18.0969 25.8033 14.7763 1.45772 13.2197 14.4613 14.2594 14.5285 23.7625 23.7052 15.8915 3.92084
-2.92611 -1.54367 -1.55059 -1.30337 1.56406 1.48633 -1.58366 1.35085 -3.02904 2.74625 0 0.296113 1.6012 0 0 0.112548 3.14159 2.7593 1.65557 1.76804 0.316614 2.02968 1.5708 -1.76562 1.46723
23.1248 25.3104 16.1395 15.4551 15.2749 16.8112 20.7681 5.35534 17.0684 6.66331 22.3084 5.72363 17.1241 21.6124 24.2078 3.14502 25.732 22.38 22.0414 13.4016 12.427 17.3681 11.231 15.7406 18.9625 16.9091 11.2558 0.866646 9.30614 10.4828 11.5957 20.0145 25.5994 11.578 19.8097 11.3191 19.1374 5.21722 18.0915 25.6668 14.7241 1.38975 13.1915 14.3794 14.219 14.3931 23.7566 23.7142 15.9062 3.81579
-2.87811 -1.54579 -1.54494 -1.29736 1.56157 1.48633 -1.62636 1.33712 -3.02904 2.7139 0 0.320551 1.6104 0 0 0.112548 3.14159 2.73777 1.65557 1.73517 0.351285 2.05494 1.5708 -1.76739 1.49615
23.0793 25.3724 16.1123 15.7039 15.2363 17.0691 20.8107 5.6894 17.0579 6.41949 22.3244 5.53289 17.1452 21.6077 24.2479 3.09978 25.5824 22.3968 21.9419 13.2776 12.5292 17.3681 11.2347 15.6934 18.9152 16.6988 11.4061 0.866646 9.40837 10.4828 11.7452 19.9977 25.4079 11.578 19.7677 11.1382 19.116 4.96469 18.1071 25.5295 14.7074 1.31699 13.1666 14.29 14.1922 14.2726 23.7165 23.7531 15.9612 3.71139
-2.82469 -1.53239 -1.54036 -1.28738 1.56196 1.48633 -1.6341 1.32744 -3.02904 2.68934 0 0.340984 1.62226 0 0 0.112548 3.14159 2.71159 1.65557 1.69461 0.38275 2.07976 1.5708 -1.78089 1.52226
23.0975 25.4452 16.1378 16.0109 15.2495 17.3847 20.8584 5.89061 16.9983 6.16543 22.3404 5.34216 17.1552 21.7064 24.3196 3.02981 25.4329 22.4136 21.8328 13.1428 12.6315 17.3681 11.2303 15.6345 18.8715 16.4751 11.5564 0.866646 9.5106 10.4828 11.8948 19.9809 25.2164 11.578 19.6923 10.925 19.0946 4.71216 18.0918 25.4271 14.6871 1.2223 13.147 14.2122 14.1497 14.138 23.6699 23.7975 16.0059 3.56832
-2.76413 -1.52652 -1.53819 -1.29275 1.56182 1.48633 -1.62951 1.3097 -3.02904 2.6616 0 0.367484 1.63216 0 0 0.112548 3.14159 2.6948 1.65557 1.61798 0.423176 2.10941 1.5708 -1.79615 1.55298
23.0608 25.5292 16.1161 16.3123 15.2355 17.6897 20.9169 6.20387 16.983 5.90095 22.3564 5.15142 17.193 21.9038 24.4317 2.91868 25.2834 22.4304 21.7196 12.992 12.7337 17.3681 11.2636 15.5834 18.8193 16.2408 11.7067 0.866646 9.61284 10.4828 12.0443 19.9641 25.0249 11.578 19.6321 10.7181 19.0241 4.47854 18.0959 25.2207 14.69 1.11079 13.1125 14.0838 14.1202 14.0249 23.5965 23.8623 16.0496 3.38168
-2.71686 -1.51744 -1.53091 -1.28487 1.55832 1.48633 -1.62155 1.28316 -3.02904 2.63527 0 0.38399 1.64367 0 0 0.112548 3.14159 2.67051 1.67648 1.58055 0.46542 2.1429 1.5708 -1.82006 1.56458
22.9933 25.6263 16.1265 16.6085 15.2322 17.9929 21.0078 6.37344 16.9649 5.86374 22.3725 4.96069 17.2671 21.8708 24.5739 2.71671 25.1338 22.4472 21.6385 12.9327 12.8359 17.3681 11.2325 15.5449 18.7815 16.0659 11.857 0.866646 9.71507 10.4828 12.1938 19.9473 24.8334 11.578 19.6233 10.5792 18.9379 4.27878 18.0992 25.0022 14.6962 1.00533 13.0568 13.9946 14.0866 13.8842 23.5088 23.9567 16.0559 3.12035
-2.69164 -1.52017 -1.53653 -1.2624 1.55342 1.48633 -1.62269 1.25736 -3.02904 2.60334 0 0.406197 1.65137 0 0 0.112548 3.14159 2.64113 1.70378 1.56012 0.503903 2.17777 1.5708 -1.8455 1.54694
22.9618 25.7167 16.0662 16.9266 15.1783 18.333 21.0815 6.64589 16.9392 5.76841 22.3885 4.76995 17.2789 21.7751 24.6885 2.57227 24.9843 22.4639 21.5039 12.8795 12.9382 17.3681 11.2874 15.4858 18.7336 15.9145 12.0073 0.866646 9.81731 10.4828 12.3434 19.9305 24.7261 11.5525 19.5538 10.4486 18.8768 4.03993 18.119 24.7906 14.6939 0.914227 13.0447 13.8733 14.074 13.751 23.4304 24.0294 16.0387 2.88
-2.64551 -1.49146 -1.51594 -1.2548 1.54163 1.48633 -1.62568 1.23584 -3.02904 2.57107 0 0.42119 1.66239 0 0 0.112548 3.12932 2.61646 1.71532 1.53933 0.537994 2.20725 1.5708 -1.86884 1.5349
22.8938 25.8188 16.0316 17.2586 15.1481 18.6498 21.0797 6.76815 16.8934 5.70102 22.4045 4.57922 17.3322 21.7147 24.8274 2.3934 24.8348 22.4807 21.3477 12.8703 13.0404 17.3681 11.3273 15.4351 18.6726 15.783 12.1576 0.866646 9.91954 10.4828 12.4929 19.9138 24.6084 11.5065 19.4287 10.2693 18.7714 3.84698 18.1952 24.58 14.7125 0.841629 13.0381 13.747 14.0857 13.6227 23.3355 24.1197 16.0385 2.56281
-2.61009 -1.49268 -1.51433 -1.25183 1.52167 1.48633 -1.62133 1.21214 -3.02904 2.53399 0 0.434967 1.67756 0 0 0.112548 3.10827 2.59216 1.74737 1.52251 0.560186 2.24205 1.5708 -1.89546 1.52688
22.8027 25.9649 16.061 17.5886 15.1233 18.9694 21.0327 6.87005 16.8017 5.67558 22.4205 4.38848 17.3655 21.693 24.9691 2.13413 24.6852 22.4975 21.1287 12.8091 13.1426 17.3681 11.3529 15.3968 18.5808 15.6032 12.3079 0.866646 10.0218 10.4828 12.6425 19.897 24.5429 11.4959 19.2828 10.0854 18.6618 3.62096 18.2529 24.366 14.7908 0.761917 13.0197 13.6553 14.1093 13.4688 23.2487 24.2337 16.032 2.22275
-2.58892 -1.49358 -1.52473 -1.248 1.50894 1.48633 -1.61189 1.19873 -3.02904 2.49935 0 0.446031 1.69972 0 0 0.112548 3.10441 2.57143 1.77534 1.51607 0.57105 2.26328 1.5708 -1.91442 1.51757
22.7057 0.138309 16.0992 17.6782 15.1272 19.2985 20.9717 6.99803 16.7423 5.66856 22.4365 4.19775 17.412 21.6919 25.0843 1.83811 24.5357 22.5143 20.906 12.708 13.2449 17.3681 11.3976 15.3672 18.4852 15.3895 12.4582 0.866646 10.124 10.4828 12.792 19.8802 24.4971 11.4901 19.1424 9.8891 18.56 3.40248 18.3121 24.1449 14.8117 0.678642 12.9952 13.5115 14.1217 13.3408 23.1754 24.357 16.0137 2.14974
-2.5763 -1.48935 -1.52107 -1.24648 1.49472 1.48633 -1.60632 1.19873 -3.02904 2.46574 0 0.449415 1.72034 0 0 0.112548 3.10243 2.54875 1.79853 1.51156 0.595673 2.29982 1.5708 -1.92569 1.50183
22.6943 0.264229 16.1338 17.6355 15.138 19.6312 20.9705 7.16669 16.645 5.67415 22.4526 4.00702 17.4566 21.7143 25.1995 1.54209 24.3862 22.5311 20.6593 12.5527 13.3471 17.3681 11.4654 15.3484 18.3673 15.1317 12.6085 0.866646 10.2262 10.4828 12.9415 19.8634 24.4164 11.4675 19.0237 9.73088 18.4834 3.25162 18.3446 23.9174 14.8126 0.62072 12.9453 13.3577 14.1348 13.2131 23.116 24.4916 15.9832 2.09489
-2.54733 -1.48017 -1.51918 -1.2554 1.48828 1.48633 -1.59468 1.19873 -3.02904 2.43729 0 0.443623 1.74412 0 0 0.112548 3.09316 2.53047 1.81534 1.50866 0.615742 2.33252 1.5708 -1.92944 1.48495
22.6713 0.394379 16.1398 17.5998 15.1547 19.9646 20.9892 7.36333 16.5435 5.65133 22.4686 3.81628 17.482 21.7143 25.3147 1.24607 24.2366 22.5479 20.4444 12.5117 13.4493 17.3681 11.574 15.3313 18.2785 14.9558 12.7588 0.866646 10.3285 10.4828 13.0911 19.8466 24.3224 11.4229 18.8975 9.54421 18.4339 3.0194 18.3893 23.7025 14.8173 0.553825 12.8573 13.2008 14.1492 13.086 23.0514 24.624 15.9465 2.03985
-2.52418 -1.47523 -1.51918 -1.25326 1.47065 1.48633 -1.58575 1.19873 -3.02904 2.39626 0 0.429468 1.76168 0 0 0.112548 3.07414 2.50934 1.81193 1.49998 0.637594 2.35491 1.5708 -1.93519 1.46657
22.6644 0.517883 16.143 17.5544 15.1643 20.2967 21.0198 7.55822 16.435 5.62215 22.4846 3.62555 17.512 21.7017 25.4299 0.95005 24.0871 22.5647 20.2459 12.3836 13.5516 17.3681 11.7262 15.3108 18.1843 14.7338 12.9091 0.866646 10.4307 10.4828 13.2406 19.8298 24.2198 11.396 18.7657 9.34281 18.3504 2.87658 18.4824 23.5088 14.809 0.488739 12.7299 13.0428 14.1655 12.9609 22.994 24.7619 15.9009 1.97253
-2.49262 -1.47111 -1.52143 -1.25747 1.45668 1.48633 -1.5828 1.19873 -3.02904 2.36721 0 0.409366 1.77707 0 0 0.112548 3.06476 2.48793 1.80547 1.50267 0.661836 2.36539 1.5708 -1.93713 1.44966
22.6473 0.65551 16.1465 17.4761 15.1634 20.6198 21.0156 7.77679 16.3638 5.56266 22.5006 3.43481 17.5596 21.6603 25.5451 0.65403 23.9375 22.5814 20.0224 12.2614 13.6538 17.3681 11.933 15.2208 18.0813 14.4944 12.9629 0.875259 10.5329 10.4828 13.3901 19.8131 24.1604 11.3739 18.6438 9.13321 18.3206 2.79508 18.5698 23.3034 14.8303 0.414528 12.5934 12.9085 14.1655 12.8587 22.9365 24.8996 15.8804 1.89365
-2.46039 -1.46747 -1.52679 -1.2662 1.44397 1.48633 -1.58164 1.19873 -3.02904 2.3328 0 0.409366 1.79282 -0.00373677 0 0.112548 3.0564 2.46455 1.7836 1.51426 0.721571 2.36539 1.5708 -1.93908 1.43477
22.6223 0.815742 16.1426 17.4085 15.1524 20.945 21.0503 8.023 16.3106 5.51384 22.5167 3.24408 17.6284 21.6387 25.6603 0.358009 23.788 22.5982 19.7881 12.1156 13.756 17.3681 12.1398 15.1308 17.9687 14.2417 13.0176 0.890274 10.6352 10.4828 13.5397 19.7963 24.0651 11.3279 18.5231 8.92047 18.3012 2.68637 18.6442 23.0809 14.8592 0.344543 12.4568 12.7742 14.1655 12.7565 22.8783 25.0373 15.8673 1.81725
-2.42472 -1.46646 -1.53425 -1.26769 1.43227 1.48633 -1.57887 1.19873 -3.02904 2.29613 0 0.409366 1.80926 -0.00991122 0 0.112548 3.03862 2.4417 1.74776 1.52406 0.775738 2.36539 1.5708 -1.94103 1.42272
22.6249 0.898701 16.126 17.4071 15.2077 20.9646 21.0741 8.23671 16.2323 5.44958 22.5554 3.13436 17.7018 21.6149 25.7755 0.0619888 23.6385 22.615 19.6185 11.9456 13.8583 17.3681 12.3465 15.0407 17.8559 13.9858 13.0596 0.913307 10.7374 10.4828 13.6603 19.782 23.9478 11.3076 18.4328 8.75169 18.2577 2.57313 18.7035 22.8458 14.8928 0.327232 12.3202 12.6399 14.1655 12.6542 22.8069 25.1697 15.8598 1.78444
-2.38725 -1.47165 -1.53682 -1.27691 1.4149 1.47209 -1.56253 1.19873 -3.02904 2.27661 0 0.409366 1.82425 -0.0194659 0 0.112882 3.03483 2.42091 1.7041 1.53174 0.816993 2.36539 1.5708 -1.94889 1.40547
22.564 0.965103 16.1517 17.3949 15.2487 20.9175 21.0336 8.4346 16.2181 5.40928 22.6431 3.11584 17.7607 21.6158 25.8907 25.7663 23.4889 22.6318 19.4985 11.8986 13.9605 17.3681 12.5533 14.9507 17.7437 13.7312 13.1296 0.935295 10.8396 10.4828 13.7149 19.7756 23.889 11.2846 18.3904 8.5651 18.2373 2.3691 18.7705 22.6253 14.9352 0.289337 12.1837 12.5056 14.1091 12.5683 22.7193 25.2545 15.8757 1.73872
-2.36262 -1.49168 -1.53705 -1.2807 1.40681 1.43087 -1.5407 1.19873 -3.02904 2.23536 0 0.409366 1.83783 -0.0282013 0 0.113034 3.0269 2.38565 1.6572 1.54095 0.848889 2.36539 1.5708 -1.96982 1.39812
22.5033 1.06524 16.1612 17.4289 15.2906 20.8759 21.0474 8.69675 16.2186 5.37144 22.7516 3.04244 17.8217 21.612 0.00590897 25.4706 23.3394 22.6486 19.4 11.813 14.0627 17.3681 12.76 14.8607 17.6355 13.4395 13.2134 0.959015 10.9419 10.4828 13.7535 19.7754 23.7798 11.2411 18.3255 8.3465 18.1782 2.17932 18.8791 22.43 14.9742 0.252445 12.0471 12.3714 14.0522 12.4801 22.6321 25.3531 15.9 1.68943
-2.33228 -1.52415 -1.5368 -1.28059 1.40126 1.38476 -1.52562 1.19873 -3.02904 2.20063 0 0.409366 1.84607 -0.0370967 0 0.111316 3.01242 2.35055 1.6058 1.55907 0.873906 2.36539 1.5708 -1.98724 1.39177
22.3984 1.2248 16.171 17.5144 15.3081 20.8065 21.0299 9.06705 16.2196 5.32069 22.8339 2.89149 17.9128 21.606 0.121113 25.175 23.1899 22.6654 19.3361 11.6643 14.165 17.3681 12.9668 14.7707 17.5442 13.1393 13.2987 0.988197 11.0441 10.4828 13.7973 19.7802 23.652 11.2186 18.2865 8.15647 18.1557 1.93171 18.9746 22.233 15.0345 0.198441 11.9105 12.2371 13.9898 12.3901 22.5425 25.4763 15.9286 1.63297
-2.32145 -1.54064 -1.53797 -1.27494 1.39276 1.36035 -1.51749 1.19873 -3.02904 2.18348 0 0.409366 1.84785 -0.0479486 0 0.107198 3.00951 2.31885 1.58499 1.60478 0.893901 2.36539 1.5708 -2.00044 1.38309
22.2836 1.31245 16.1567 17.6109 15.2906 20.7273 21.0502 9.46959 16.215 5.23035 22.917 2.80149 18.0305 21.6108 0.236317 24.8794 23.0403 22.6821 19.2231 11.4354 14.2672 17.3681 13.1735 14.6806 17.5205 12.9558 13.3998 1.01927 11.1448 10.4552 13.8357 19.7974 23.5351 11.1784 18.2829 7.98158 18.1859 1.72241 19.0624 22.0115 15.0717 0.127632 11.7795 12.1529 13.9131 12.3028 22.4304 25.5957 15.9586 1.52132
-2.31964 -1.55571 -1.55532 -1.27597 1.38204 1.33049 -1.49312 1.19873 -3.02904 2.16135 0 0.409366 1.8394 -0.058913 0 0.098251 2.99807 2.28285 1.5521 1.65168 0.916897 2.3802 1.5708 -2.02204 1.36914
22.1561 1.47192 16.2616 17.6848 15.277 20.6924 21.0369 9.83261 16.2147 5.10225 23.0142 2.67461 18.1408 21.6632 0.351521 24.5837 22.8908 22.6989 19.1218 11.1806 14.3198 17.3561 13.3803 14.5906 17.4893 12.7395 13.4922 1.06323 11.2504 10.4277 13.8886 19.8203 23.4078 11.1525 18.2606 7.78792 18.236 1.50914 19.1561 21.7603 15.085 0.0921783 11.637 12.0707 13.8556 12.2133 22.315 25.7133 15.9994 1.37745
-2.31318 -1.57903 -1.57992 -1.27268 1.37082 1.3005 -1.44124 1.19873 -3.02904 2.14812 0 0.409366 1.83108 -0.0749123 0 0.0864799 2.99451 2.24821 1.51718 1.68941 0.938855 2.39769 1.5708 -2.04362 1.35836
22.0383 1.64333 16.3712 17.9273 15.2866 20.6605 21.024 10.2158 16.2167 4.83862 23.0914 2.53648 18.2588 21.7621 0.466724 24.2881 22.7413 22.7157 19.0318 10.9794 14.3889 17.3489 13.5871 14.5006 17.4302 12.5071 13.5791 1.12378 11.3526 10.4277 13.9154 19.7946 23.279 11.1133 18.203 7.58054 18.2855 1.2757 19.2692 21.5413 15.0725 0.0610619 11.4959 11.941 13.8323 12.1182 22.2118 25.8317 16.0539 1.13261
-2.30098 -1.59807 -1.60076 -1.26102 1.35746 1.28258 -1.36936 1.19873 -3.02904 2.13235 0 0.409366 1.83032 -0.0973427 0 0.0963346 2.98526 2.22202 1.50067 1.72611 0.966337 2.39769 1.5708 -2.05937 1.34928
21.9027 1.78799 16.4308 18.1503 15.2733 20.6747 21.0272 10.5939 16.2178 4.5507 23.197 2.4283 18.4335 21.9683 0.581928 23.9924 22.5917 22.7325 18.9382 10.7371 14.458 17.342 13.7938 14.4105 17.3591 12.229 13.6914 1.17567 11.4548 10.4277 13.9228 19.7788 23.1452 11.0838 18.1432 7.33392 18.3365 1.04188 19.3229 21.3161 15.0974 0.0205231 11.3547 11.8113 13.8281 12.0186 22.0888 25.9405 16.0871 0.915001
-2.29057 -1.63005 -1.63213 -1.25281 1.34054 1.24955 -1.37503 1.19873 -3.02904 2.11836 0 0.409366 1.82955 -0.114138 0 0.102708 2.98126 2.19513 1.48633 1.76391 0.973587 2.39769 1.5708 -2.0831 1.33765
21.7528 1.9956 16.4275 18.4767 15.2908 20.698 21.0437 11.0073 16.194 4.2671 23.2669 2.25381 18.568 22.0562 0.697132 23.6968 22.4422 22.7493 18.8392 10.4852 14.5602 17.342 14.0006 14.3205 17.2926 11.947 13.8254 1.21359 11.5571 10.4277 13.9661 19.784 23.01 11.043 18.081 7.07602 18.3288 0.863876 19.3875 21.0885 15.1231 25.9903 11.2136 11.6816 13.8281 11.9164 21.9981 0.0620651 16.0907 0.636505
-2.28941 -1.64909 -1.65728 -1.24569 1.33249 1.24434 -1.3564 1.19873 -3.02904 2.10573 0 0.409366 1.82712 -0.123471 0 0.0986207 2.97255 2.16978 1.49608 1.76477 0.971784 2.39769 1.5708 -2.09099 1.33057
21.5904 2.1684 16.4646 18.7545 15.2535 20.74 21.0625 11.3742 16.1952 3.98906 23.3722 2.1451 18.7051 22.1236 0.812912 23.3997 22.2919 22.7662 18.7505 10.2347 14.663 17.342 14.2084 14.23 17.2274 11.6665 13.9749 1.23199 11.6598 10.4277 13.9682 19.7883 22.9049 11.0111 18.007 6.81597 18.3434 0.769882 19.4472 20.8568 15.1413 25.8955 11.0718 11.5512 13.8281 11.8137 21.875 0.160683 16.0902 0.51091
-2.27624 -1.68306 -1.69141 -1.24439 1.31701 1.21405 -1.32024 1.19873 -3.02904 2.09118 0 0.409366 1.82474 -0.123471 0 0.0967361 2.96589 2.13736 1.49273 1.79888 0.987816 2.39769 1.5708 -2.11474 1.32674
21.4132 2.38609 16.5257 19.0444 15.2092 20.8108 21.1351 11.7463 16.1908 3.74937 23.4482 1.97357 18.8835 22.2639 0.928116 23.104 22.1424 22.7829 18.6515 10.0362 14.7652 17.342 14.4151 14.14 17.1688 11.4279 14.1236 1.25031 11.762 10.4277 13.9532 19.8141 22.8003 10.9556 17.9209 6.58925 18.3809 0.625965 19.4457 20.619 15.1508 25.7284 10.9306 11.4215 13.8281 11.7114 21.7861 0.279991 16.1231 0.286613
-2.27643 -1.71239 -1.73127 -1.24547 1.30496 1.20896 -1.27576 1.19873 -3.02904 2.07427 0 0.409366 1.82373 -0.123471 0 0.0864036 2.94887 2.09303 1.48183 1.82524 1.02243 2.39769 1.5708 -2.12063 1.31547
21.2175 2.59921 16.5378 19.3655 15.172 20.947 21.1518 12.0765 16.1868 3.49519 23.5463 1.83906 19.0409 22.4176 1.04332 22.8084 21.9928 22.7997 18.579 9.81931 14.8674 17.342 14.6219 14.05 17.1501 11.1843 14.2635 1.26818 11.8643 10.4277 13.9328 19.838 22.7077 10.9202 17.8624 6.35678 18.4142 0.398872 19.4916 20.3859 15.1723 25.5391 10.7895 11.2918 13.8281 11.6092 21.6856 0.381981 16.0907 0.133018
-2.26013 -1.74339 -1.76065 -1.24427 1.29806 1.18833 -1.28262 1.19873 -3.02904 2.05922 0 0.409366 1.82517 -0.123752 0 0.0769522 2.94063 2.05716 1.47653 1.85318 1.06144 2.39769 1.5708 -2.13404 1.3071
21.0275 2.82961 16.538 19.7012 15.1406 21.1143 21.2212 12.4482 16.2114 3.2709 23.6181 1.66129 19.2105 22.6067 1.15852 22.5128 21.8433 22.8165 18.5027 9.62354 14.9697 17.342 14.8286 13.96 17.1131 10.9584 14.3003 1.23885 11.9665 10.4277 13.9378 19.8393 22.611 10.8619 17.8171 6.11602 18.453 0.203659 19.4879 20.1622 15.2028 25.3727 10.6483 11.1621 13.8281 11.507 21.6054 0.508629 16.1632 25.8563
-2.26013 -1.77081 -1.79396 -1.24882 1.29038 1.18833 -1.27989 1.19873 -3.02904 2.03971 0 0.409366 1.81871 -0.109414 0 0.0762213 2.92293 2.02241 1.46815 1.87246 1.114 2.39769 1.5708 -2.13404 1.2998
20.8375 3.06002 16.5674 19.9493 15.0989 21.3838 21.2488 12.6908 16.2246 3.03843 23.6898 1.48353 19.3646 22.824 1.27373 22.2171 21.6938 22.8333 18.4145 9.44176 15.0719 17.342 15.0354 13.8699 17.073 10.7519 14.2589 1.1529 12.0687 10.4277 13.9772 19.8134 22.5689 10.8311 17.7995 5.92602 18.504 25.9699 19.4756 19.9383 15.2295 25.2751 10.5072 11.0324 13.8281 11.4047 21.5253 0.635277 16.2662 25.5446
-2.26013 -1.78247 -1.81583 -1.26329 1.28125 1.18833 -1.25179 1.19873 -3.02904 2.01942 0 0.409366 1.81513 -0.0745723 0 0.0858544 2.91269 2.00031 1.457 1.88512 1.15578 2.39769 1.5708 -2.13404 1.29173
20.7147 3.26505 16.5804 19.9441 15.0325 21.7227 21.2841 13.0604 16.2296 2.80897 23.7615 1.30576 19.5595 22.9579 1.38893 21.9216 21.5442 22.8501 18.3286 9.25834 15.1582 17.3367 15.2421 13.7799 17.0336 10.5438 14.2147 1.1112 12.171 10.4277 14.1077 19.7931 22.5012 10.7733 17.7643 5.69978 18.5283 25.7303 19.4767 19.6993 15.2298 25.2787 10.366 10.9027 13.8281 11.3025 21.4316 0.756714 16.312 25.2468
-2.26076 -1.79496 -1.82803 -1.26965 1.2766 1.18833 -1.27885 1.19873 -3.02904 2.00134 0 0.409366 1.81141 -0.0580724 0 0.0894929 2.89344 1.98807 1.45842 1.92216 1.16453 2.39769 1.5708 -2.13985 1.28047
20.7012 3.41588 16.6517 19.965 15.0514 21.9841 21.3344 13.3771 16.2146 2.55596 23.8332 1.128 19.6932 23.1678 1.50414 21.6263 21.3947 22.8669 18.1973 9.04567 15.2605 17.3367 15.4126 13.7041 17.0084 10.2911 14.2205 1.08025 12.2732 10.4277 14.1498 19.782 22.4307 10.7292 17.7063 5.46357 18.5673 25.4902 19.4708 19.4837 15.1947 25.2671 10.2249 10.773 13.8281 11.2003 21.3508 0.883362 16.3521 24.9534
-2.23007 -1.80065 -1.83969 -1.28007 1.26498 1.18833 -1.27062 1.19873 -3.02904 1.98218 0 0.410153 1.82137 -0.0446846 0 0.0924821 2.88122 1.97089 1.4533 1.95614 1.17573 2.39769 1.5708 -2.13985 1.26605
20.7369 3.45759 16.7179 19.9704 15.0029 22.1879 21.3612 13.7676 16.21 2.35921 23.9049 0.950233 19.8753 23.306 1.61934 21.3311 21.2729 22.8839 18.0982 8.88344 15.3627 17.3367 15.5254 13.6074 17.0493 10.0721 14.2141 1.0178 12.3754 10.4277 14.1872 19.7439 22.3258 10.6716 17.6735 5.31322 18.6019 25.2951 19.4305 19.2462 15.1732 25.2474 10.0837 10.6433 13.8281 11.098 21.2699 1.01001 16.3613 24.8716
-2.2102 -1.82849 -1.85217 -1.27441 1.25289 1.18833 -1.30338 1.19873 -3.02761 1.9619 0 0.429948 1.8457 0.00670822 0 0.107017 2.86787 1.94747 1.44851 1.98235 1.20891 2.39769 1.5708 -2.13985 1.26316
20.7669 3.57856 16.7485 19.9542 14.9822 22.221 21.4042 14.1386 16.2102 2.18951 23.9766 0.772469 19.9557 23.454 1.73454 21.0358 21.3449 22.8936 18.0149 8.7401 15.4649 17.3367 15.6442 13.5155 17.1065 9.8872 14.1574 0.991005 12.4777 10.4277 14.2501 19.6923 22.1898 10.6219 17.6385 5.10049 18.6129 25.1291 19.3404 19.0394 15.1249 25.2187 9.9426 10.5136 13.8281 10.9958 21.189 1.13666 16.3526 24.7095
-2.1753 -1.85836 -1.87298 -1.26507 1.25178 1.18833 -1.3096 1.19873 -3.01985 1.94323 0 0.445328 1.86316 0.117846 0 0.125773 2.86252 1.93798 1.4524 1.98235 1.24168 2.39769 1.5708 -2.13985 1.26295
20.7681 3.7041 16.7755 19.9598 14.9081 22.2883 21.4615 14.5328 16.2323 1.95242 24.0487 0.593815 20.013 23.6374 1.85032 20.7391 21.3634 22.8736 17.9294 8.55059 15.5677 17.3367 15.7622 13.4284 17.1621 9.6585 14.0853 0.971401 12.5804 10.4277 14.3373 19.637 22.0488 10.5605 17.6444 4.91717 18.6412 24.9955 19.25 18.8317 15.1048 25.2074 9.80075 10.3833 13.8281 10.893 21.1078 1.26394 16.3924 24.4644
-2.14889 -1.88133 -1.89904 -1.25578 1.24985 1.18833 -1.33939 1.19873 -3.0274 1.91939 0 0.457888 1.87755 0.222988 0 0.144078 2.85322 1.91315 1.44721 1.98235 1.25134 2.39769 1.5708 -2.13985 1.26074
20.7909 3.83921 16.7733 19.9467 14.8367 22.3741 21.5067 14.9015 16.2699 1.64362 24.1204 0.41605 20.0941 23.8474 1.96553 20.4438 21.3599 22.8363 17.827 8.30749 15.6699 17.3367 15.8839 13.3508 17.1943 9.38096 14.048 0.990833 12.6826 10.4277 14.3849 19.5972 21.9177 10.5075 17.6424 4.7085 18.6581 24.9212 19.2372 18.6629 15.057 25.1761 9.65961 10.2536 13.8281 10.7908 21.0269 1.39059 16.4416 24.1309
-2.11537 -1.87792 -1.91221 -1.24335 1.24516 1.18833 -1.38141 1.19873 -3.04325 1.89535 0 0.465002 1.89162 0.304682 0 0.157827 2.84691 1.88171 1.44402 1.95695 1.25242 2.39769 1.5708 -2.13985 1.25324
20.7109 4.08493 16.7658 19.9021 14.7591 22.4628 21.5959 15.2909 16.3208 1.30973 24.1921 0.238285 20.1204 23.9983 2.08073 20.1486 21.3873 22.8791 17.8223 7.99093 15.7722 17.3367 15.99 13.2986 17.1805 9.10491 14.0776 0.986786 12.7849 10.4277 14.3796 19.5775 21.7619 10.4445 17.6808 4.42756 18.6557 24.8172 19.2567 18.4849 15.0048 25.1198 9.51847 10.1239 13.8281 10.6886 20.946 1.51723 16.4824 23.8416
-2.09495 -1.89023 -1.93559 -1.23603 1.24133 1.18833 -1.38082 1.19873 -3.02389 1.88702 0 0.46452 1.89332 0.379797 0 0.166469 2.83996 1.86753 1.45054 1.91849 1.24529 2.39769 1.5708 -2.13985 1.25306
20.5613 4.34357 16.7515 19.9186 14.6856 22.5072 21.6501 15.6626 16.3764 1.05725 24.2639 0.0605202 20.1201 24.1866 2.19593 19.8533 21.3903 22.8991 17.8513 7.71627 15.8744 17.3367 16.1109 13.2268 17.1941 8.87758 14.0784 0.876362 12.8044 10.4114 14.3719 19.5355 21.6307 10.3866 17.7518 4.13956 18.6521 24.7241 19.262 18.2606 14.991 25.1275 9.37732 9.99416 13.9094 10.603 20.8651 1.64388 16.5547 23.6089
-2.09495 -1.90379 -1.95683 -1.2212 1.23486 1.18833 -1.3854 1.19873 -3.01527 1.875 0 0.469269 1.89024 0.481868 0 0.184662 2.83217 1.85754 1.45692 1.89162 1.24986 2.39769 1.5708 -2.13985 1.24623
20.4118 4.60221 16.7391 19.9132 14.6081 22.5292 21.7885 16.0074 16.4236 0.862411 24.3356 25.8828 20.1265 24.3588 2.31114 19.5581 21.4269 22.8948 17.8565 7.52341 15.9766 17.3367 16.1406 13.1218 17.2083 8.71895 14.0697 0.815971 12.9066 10.4114 14.3463 19.4736 21.552 10.2898 17.7621 3.87545 18.6437 24.6281 19.3278 18.0299 14.9711 25.1226 9.23618 9.86446 13.9094 10.5008 20.7843 1.77053 16.6181 23.3771
-2.09495 -1.89249 -1.96064 -1.22881 1.233 1.18833 -1.41826 1.19873 -3.01515 1.86591 0 0.506218 1.88543 0.547259 0 0.212636 2.80005 1.86019 1.465 1.85832 1.25018 2.39769 1.5708 -2.13985 1.24343
20.3091 4.85503 16.7639 19.896 14.4766 22.6878 21.8758 16.3285 16.4695 0.621933 24.4073 25.705 20.1716 24.6457 2.42634 19.2628 21.3766 22.8831 17.8526 7.31711 16.0789 17.3367 16.1382 13.0036 17.2026 8.51373 14.0521 0.802551 12.9247 10.4045 14.3532 19.3895 21.531 10.2135 17.7668 3.60635 18.7009 24.381 19.3711 17.7935 14.9502 25.091 9.09504 9.73476 13.992 10.4055 20.7034 1.89718 16.6848 23.1495
-2.08149 -1.88773 -1.96819 -1.22261 1.2272 1.18833 -1.4445 1.19873 -3.02259 1.85926 0 0.554538 1.87791 0.593557 0 0.246719 2.769 1.86393 1.45223 1.82751 1.24912 2.39769 1.5708 -2.13985 1.23943
20.3729 4.9451 16.7517 19.8363 14.3271 22.9566 22.0328 16.6876 16.5012 0.382942 24.479 25.5272 20.1272 24.7852 2.54155 18.9675 21.3421 22.9236 17.8409 7.15137 16.1811 17.3367 16.1201 12.8741 17.1823 8.33907 14.0726 0.769684 12.9428 10.4102 14.4214 19.3394 21.412 10.1163 17.7607 3.36002 18.721 24.1532 19.408 17.5373 14.9293 25.0343 8.95389 9.60506 14.0747 10.2975 20.6403 2.05566 16.7335 22.9001
-2.04495 -1.90484 -1.97542 -1.22887 1.22606 1.18833 -1.43736 1.19873 -3.00731 1.84696 0 0.609567 1.86394 0.615179 0 0.260054 2.74734 1.86567 1.44288 1.79911 1.24443 2.39769 1.5708 -2.15416 1.23641
20.3671 5.16724 16.7383 19.7748 14.2361 23.211 22.1826 17.0548 16.5281 0.165306 24.5507 25.3495 20.1247 24.934 2.65675 18.6723 21.3713 22.9667 17.8475 6.88284 16.2833 17.3367 16.1434 12.7383 17.1906 8.0717 14.0669 0.718346 13.045 10.4102 14.4452 19.2711 21.235 10.043 17.7836 3.11055 18.7118 23.921 19.4255 17.3026 14.9119 24.9724 8.81275 9.47536 14.0747 10.1953 20.574 2.21447 16.7566 22.6916
-2.01106 -1.91611 -1.98122 -1.23314 1.2233 1.18833 -1.4457 1.19873 -2.98737 1.84512 0 0.654344 1.86364 0.634331 0 0.285418 2.74734 1.86099 1.42081 1.78927 1.25621 2.39769 1.5708 -2.16818 1.23469
20.4573 5.29181 16.7246 19.7047 14.0753 23.4683 22.2761 17.36 16.589 25.9488 24.641 25.2021 20.0624 25.1009 2.77195 18.377 21.3128 22.9917 17.8575 6.65923 16.3856 17.3367 16.1514 12.6045 17.1906 7.83621 14.0414 0.650406 13.0664 10.434 14.4978 19.1791 21.058 9.9698 17.8298 2.87978 18.7619 23.7097 19.4764 17.1037 14.9093 24.8951 8.6716 9.34566 14.154 10.0688 20.5042 2.38671 16.8197 22.4972
-1.97866 -1.91147 -1.96998 -1.23786 1.21909 1.17457 -1.43811 1.19873 -2.98084 1.83477 0 0.700816 1.85084 0.666967 0 0.315756 2.74734 1.85108 1.40078 1.79883 1.25651 2.39769 1.5708 -2.18562 1.23592
20.4451 5.5377 16.7059 19.6303 13.9075 23.7535 22.2732 17.5921 16.6329 25.7077 24.7828 25.0858 20.0522 25.2723 2.88773 18.0803 21.2811 23.0027 17.8861 6.41721 16.4551 17.3297 16.1802 12.4676 17.2154 7.5802 14.0187 0.577282 13.1692 10.434 14.6412 19.1324 20.8801 9.89619 17.8728 2.63078 18.7432 23.4647 19.5233 16.8586 14.8977 24.8245 8.52975 9.21532 14.154 9.96605 20.4388 2.56118 16.8577 22.2512
-1.94852 -1.90915 -1.97916 -1.25563 1.22138 1.13478 -1.44787 1.19873 -2.97843 1.83111 0 0.739937 1.84443 0.71483 0 0.315756 2.74734 1.84933 1.3767 1.79853 1.25821 2.39769 1.5708 -2.20651 1.23353
20.5221 5.66267 16.7433 19.5777 13.7748 24.0598 22.3381 17.9229 16.6927 25.4523 24.894 24.9308 19.9947 25.4339 3.00294 17.785 21.1797 23.0146 17.888 6.17724 16.4825 17.3162 16.1853 12.3359 17.2075 7.33614 14.0179 0.517548 13.2714 10.434 14.7839 19.0858 20.7097 9.83971 17.9056 2.38749 18.8072 23.2143 19.6058 16.6113 14.8735 24.7583 8.38861 9.08562 14.154 9.86382 20.3673 2.7403 16.9274 21.9927
-1.91674 -1.90659 -1.97916 -1.26472 1.21464 1.12419 -1.44119 1.19873 -2.9804 1.82108 0 0.782912 1.83333 0.734014 0 0.315756 2.75364 1.83987 1.36474 1.79937 1.24488 2.39769 1.5708 -2.2281 1.23056
20.5301 5.72296 16.7523 19.5217 13.6364 24.3623 22.3136 18.131 16.7367 25.1679 25.0452 24.8284 19.97 25.6091 3.11814 17.4898 21.0815 23.0156 17.8711 5.90704 16.5179 17.3062 16.171 12.2121 17.1831 7.05411 14.0386 0.479149 13.3736 10.434 14.9265 19.0393 20.6529 9.88404 17.9297 2.1096 18.8431 22.9623 19.6791 16.3459 14.8568 24.6934 8.24747 8.95592 14.154 9.76158 20.2904 2.91985 16.9903 21.7233
-1.91779 -1.92892 -1.98033 -1.28426 1.20954 1.12419 -1.44481 1.19873 -2.98663 1.80917 0 0.827808 1.82113 0.743203 0 0.315756 2.78378 1.83026 1.34697 1.79575 1.24172 2.39769 1.5708 -2.24957 1.22626
20.4835 5.7692 16.7454 19.4261 13.502 24.6675 22.3752 18.4875 16.807 24.9354 25.1543 24.6636 19.9556 25.7754 3.23335 17.1945 20.9447 23.0309 17.856 5.6949 16.5275 17.2978 16.1357 12.1032 17.1583 6.82483 14.0447 0.371197 13.4759 10.434 15.0692 18.9928 20.6425 9.89555 17.9683 1.86678 18.916 22.7144 19.7785 16.1288 14.8718 24.5939 8.10632 8.82622 14.154 9.65935 20.2125 3.09015 17.0548 21.5041
-1.92816 -1.93323 -1.9797 -1.29343 1.20459 1.12419 -1.44627 1.19873 -2.98913 1.79323 0 0.874003 1.80297 0.774772 0 0.315756 2.79077 1.81793 1.34036 1.80397 1.24341 2.39769 1.5708 -2.27007 1.22262
20.494 5.7481 16.7684 19.3201 13.3425 24.9545 22.3529 18.7047 16.8804 24.7124 25.2958 24.5582 19.9501 25.9232 3.34855 16.8993 20.8016 23.049 17.8414 5.50834 16.5369 17.2988 16.082 11.9975 17.111 6.61514 14.044 0.271393 13.5781 10.434 15.2119 18.9462 20.619 9.88688 18.0184 1.63927 18.9914 22.4873 19.8687 15.8995 14.8837 24.4907 7.96518 8.69652 14.154 9.55711 20.1304 3.26572 17.1383 21.2685
-1.92723 -1.92914 -1.98057 -1.31179 1.20109 1.16578 -1.45025 1.19873 -2.9907 1.77447 0 0.924428 1.77793 0.817038 0 0.315756 2.79064 1.80635 1.33146 1.80926 1.24247 2.39769 1.5708 -2.29233 1.22048
20.4941 5.7778 16.8017 19.2514 13.1969 25.255 22.4046 19.0637 16.9505 24.4456 25.3959 24.3901 19.9616 0.0837021 3.46375 16.604 20.6536 23.0715 17.813 5.26728 16.5592 17.2733 16.048 11.8875 17.0851 6.36273 14.0193 0.209137 13.6803 10.434 15.3545 18.8997 20.5894 9.90782 18.0623 1.41034 19.0735 22.2523 19.966 15.6324 14.8772 24.4083 7.82404 8.56682 14.154 9.45488 20.0391 3.42829 17.2119 20.9999
-1.92341 -1.91956 -1.982 -1.32104 1.19165 1.17916 -1.45361 1.19873 -2.9907 1.75637 0 0.967383 1.76094 0.848555 0 0.315756 2.80508 1.79938 1.32151 1.80686 1.23759 2.39769 1.5708 -2.30946 1.21743
20.4635 5.85775 16.8181 19.2133 13.0583 25.5563 22.5031 19.4498 17.0194 24.1652 25.4691 24.2131 19.9777 0.231285 3.57896 16.3087 20.5056 23.094 17.8013 4.99184 16.5809 17.229 16.0689 11.76 17.067 6.08381 14.0257 0.163574 13.7826 10.434 15.4931 18.8529 20.5144 9.96126 18.0989 1.14603 19.1707 22.0024 20.0645 15.3569 14.8446 24.3494 7.68289 8.43712 14.154 9.35265 19.9412 3.59657 17.2896 20.7096
-1.92386 -1.93332 -1.98223 -1.32104 1.18026 1.17916 -1.45397 1.19873 -2.9907 1.74524 0 0.992401 1.749 0.862345 0 0.31639 2.84099 1.78644 1.30818 1.80254 1.22788 2.39769 1.5708 -2.32758 1.21248
20.4618 5.91589 16.8165 19.1537 12.9194 25.8581 22.6015 19.8358 17.086 23.9002 25.5424 24.0361 20.0051 0.401649 3.69416 16.0135 20.3709 23.1194 17.8027 4.73662 16.6309 17.1742 16.1187 11.6257 17.0444 5.8154 14.0786 0.117306 13.8848 10.434 15.513 18.797 20.3572 10.0029 18.1373 0.88739 19.2448 21.7506 20.2015 15.1201 14.8402 24.2851 7.54175 8.30742 14.154 9.25041 19.8351 3.75083 17.3771 20.4553
-1.91701 -1.94794 -1.98246 -1.32104 1.17062 1.17916 -1.45089 1.19873 -2.98868 1.73611 0 1.00678 1.74057 0.861139 0 0.33619 2.88127 1.77608 1.29341 1.80854 1.22903 2.39769 1.5708 -2.34036 1.20383
20.4804 6.01846 16.8361 19.1058 12.7858 0.164062 22.7059 20.2172 17.1528 23.6376 25.6156 23.8591 20.043 0.573174 3.80936 15.7182 20.2541 23.1547 17.8134 4.48244 16.6591 17.1142 16.1814 11.4882 17.0408 5.55054 14.1577 0.0576248 13.987 10.434 15.5365 18.7377 20.1565 10.0333 18.175 0.639816 19.3021 21.4941 20.3559 14.8823 14.7977 24.2142 7.4006 8.17772 14.154 9.14818 19.7211 3.90362 17.4738 20.2051
-1.89806 -1.94853 -1.98246 -1.32266 1.16145 1.17916 -1.4437 1.19873 -2.98165 1.72802 0 1.01597 1.73247 0.852281 0 0.35656 2.91888 1.76772 1.27012 1.81602 1.22805 2.39769 1.5708 -2.35127 1.19279
