In-file: sprdata_lengths.txt N: 25 L: 26 lambda: 1 maxlength: 15 avg_aspect_ratio: 5.52 number_of_boxes: 26 rmin: 1 aimed_for_packing_fraction: 0.2 packing_fraction: 0.204142 U0: 450 F: 1 f0: 1 passive_frac: 0.3 passive_mode: 0 dt: 0.005 SEED 6783
0 1 1 1 0 1 0 0 1 1 1 0 0 0 1 0 1 1 1 1 1 1 1 1 1 
0 1 1 1 0 1 0 0 1 1 1 0 0 0 1 0 1 1 1 1 1 1 1 1 1 
0 1 1 1 0 1 0 0 1 1 1 0 0 0 1 0 1 1 1 1 1 1 1 1 1 
0 1 1 1 0 1 0 0 1 1 1 0 0 0 1 0 1 1 1 1 1 1 1 1 1 
0 1 1 1 0 1 0 0 1 1 1 0 0 0 1 0 1 1 1 1 1 1 1 1 1 
0 1 1 1 0 1 0 0 1 1 1 0 0 0 1 0 1 1 1 1 1 1 1 1 1 
0 1 1 1 0 1 0 0 1 1 1 0 0 0 1 0 1 1 1 1 1 1 1 1 1 
0 1 1 1 0 1 0 0 1 1 1 0 0 0 1 0 1 1 1 1 1 1 1 1 1 
0 1 1 1 0 1 0 0 1 1 1 0 0 0 1 0 1 1 1 1 1 1 1 1 1 
0 1 1 1 0 1 0 0 1 1 1 0 0 0 1 0 1 1 1 1 1 1 1 1 1 
0 1 1 1 0 1 0 0 1 1 1 0 0 0 1 0 1 1 1 1 1 1 1 1 1 
0 1 1 1 0 1 0 0 1 1 1 0 0 0 1 0 1 1 1 1 1 1 1 1 1 
0 1 1 1 0 1 0 0 1 1 1 0 0 0 1 0 1 1 1 1 1 1 1 1 1 
0 1 1 1 0 1 0 0 1 1 1 0 0 0 1 0 1 1 1 1 1 1 1 1 1 
0 1 1 1 0 1 0 0 1 1 1 0 0 0 1 0 1 1 1 1 1 1 1 1 1 
0 1 1 1 0 1 0 0 1 1 1 0 0 0 1 0 1 1 1 1 1 1 1 1 1 
0 1 1 1 0 1 0 0 1 1 1 0 0 0 1 0 1 1 1 1 1 1 1 1 1 
0 1 1 1 0 1 0 0 1 1 1 0 0 0 1 0 1 1 1 1 1 1 1 1 1 
0 1 1 1 0 1 0 0 1 1 1 0 0 0 1 0 1 1 1 1 1 1 1 1 1 
0 1 1 1 0 1 0 0 1 1 1 0 0 0 1 0 1 1 1 1 1 1 1 1 1 
0 1 1 1 0 1 0 0 1 1 1 0 0 0 1 0 1 1 1 1 1 1 1 1 1 
0 1 1 1 0 1 0 0 1 1 1 0 0 0 1 0 1 1 1 1 1 1 1 1 1 
0 1 1 1 0 1 0 0 1 1 1 0 0 0 1 0 1 1 1 1 1 1 1 1 1 
0 1 1 1 0 1 0 0 1 1 1 0 0 0 1 0 1 1 1 1 1 1 1 1 1 
0 1 1 1 0 1 0 0 1 1 1 0 0 0 1 0 1 1 1 1 1 1 1 1 1 
0 1 1 1 0 1 0 0 1 1 1 0 0 0 1 0 1 1 1 1 1 1 1 1 1 
0 1 1 1 0 1 0 0 1 1 1 0 0 0 1 0 1 1 1 1 1 1 1 1 1 
0 1 1 1 0 1 0 0 1 1 1 0 0 0 1 0 1 1 1 1 1 1 1 1 1 
0 1 1 1 0 1 0 0 1 1 1 0 0 0 1 0 1 1 1 1 1 1 1 1 1 
0 1 1 1 0 1 0 0 1 1 1 0 0 0 1 0 1 1 1 1 1 1 1 1 1 
0 1 1 1 0 1 0 0 1 1 1 0 0 0 1 0 1 1 1 1 1 1 1 1 1 
0 1 1 1 0 1 0 0 1 1 1 0 0 0 1 0 1 1 1 1 1 1 1 1 1 
0 1 1 1 0 1 0 0 1 1 1 0 0 0 1 0 1 1 1 1 1 1 1 1 1 
0 1 1 1 0 1 0 0 1 1 1 0 0 0 1 0 1 1 1 1 1 1 1 1 1 
0 1 1 1 0 1 0 0 1 1 1 0 0 0 1 0 1 1 1 1 1 1 1 1 1 
0 1 1 1 0 1 0 0 1 1 1 0 0 0 1 0 1 1 1 1 1 1 1 1 1 
0 1 1 1 0 1 0 0 1 1 1 0 0 0 1 0 1 1 1 1 1 1 1 1 1 
0 1 1 1 0 1 0 0 1 1 1 0 0 0 1 0 1 1 1 1 1 1 1 1 1 
0 1 1 1 0 1 0 0 1 1 1 0 0 0 1 0 1 1 1 1 1 1 1 1 1 
0 1 1 1 0 1 0 0 1 1 1 0 0 0 1 0 1 1 1 1 1 1 1 1 1 
0 1 1 1 0 1 0 0 1 1 1 0 0 0 1 0 1 1 1 1 1 1 1 1 1 
0 1 1 1 0 1 0 0 1 1 1 0 0 0 1 0 1 1 1 1 1 1 1 1 1 
0 1 1 1 0 1 0 0 1 1 1 0 0 0 1 0 1 1 1 1 1 1 1 1 1 
0 1 1 1 0 1 0 0 1 1 1 0 0 0 1 0 1 1 1 1 1 1 1 1 1 
0 1 1 1 0 1 0 0 1 1 1 0 0 0 1 0 1 1 1 1 1 1 1 1 1 
0 1 1 1 0 1 0 0 1 1 1 0 0 0 1 0 1 1 1 1 1 1 1 1 1 
0 1 1 1 0 1 0 0 1 1 1 0 0 0 1 0 1 1 1 1 1 1 1 1 1 
0 1 1 1 0 1 0 0 1 1 1 0 0 0 1 0 1 1 1 1 1 1 1 1 1 
0 1 1 1 0 1 0 0 1 1 1 0 0 0 1 0 1 1 1 1 1 1 1 1 1 
0 1 1 1 0 1 0 0 1 1 1 0 0 0 1 0 1 1 1 1 1 1 1 1 1 
0 1 1 1 0 1 0 0 1 1 1 0 0 0 1 0 1 1 1 1 1 1 1 1 1 
0 1 1 1 0 1 0 0 1 1 1 0 0 0 1 0 1 1 1 1 1 1 1 1 1 
0 1 1 1 0 1 0 0 1 1 1 0 0 0 1 0 1 1 1 1 1 1 1 1 1 
0 1 1 1 0 1 0 0 1 1 1 0 0 0 1 0 1 1 1 1 1 1 1 1 1 
0 1 1 1 0 1 0 0 1 1 1 0 0 0 1 0 1 1 1 1 1 1 1 1 1 
0 1 1 1 0 1 0 0 1 1 1 0 0 0 1 0 1 1 1 1 1 1 1 1 1 
0 1 1 1 0 1 0 0 1 1 1 0 0 0 1 0 1 1 1 1 1 1 1 1 1 
0 1 1 1 0 1 0 0 1 1 1 0 0 0 1 0 1 1 1 1 1 1 1 1 1 
0 1 1 1 0 1 0 0 1 1 1 0 0 0 1 0 1 1 1 1 1 1 1 1 1 
0 1 1 1 0 1 0 0 1 1 1 0 0 0 1 0 1 1 1 1 1 1 1 1 1 
0 1 1 1 0 1 0 0 1 1 1 0 0 0 1 0 1 1 1 1 1 1 1 1 1 
0 1 1 1 0 1 0 0 1 1 1 0 0 0 1 0 1 1 1 1 1 1 1 1 1 
0 1 1 1 0 1 0 0 1 1 1 0 0 0 1 0 1 1 1 1 1 1 1 1 1 
0 1 1 1 0 1 0 0 1 1 1 0 0 0 1 0 1 1 1 1 1 1 1 1 1 
0 1 1 1 0 1 0 0 1 1 1 0 0 0 1 0 1 1 1 1 1 1 1 1 1 
0 1 1 1 0 1 0 0 1 1 1 0 0 0 1 0 1 1 1 1 1 1 1 1 1 
0 1 1 1 0 1 0 0 1 1 1 0 0 0 1 0 1 1 1 1 1 1 1 1 1 
0 1 1 1 0 1 0 0 1 1 1 0 0 0 1 0 1 1 1 1 1 1 1 1 1 
0 1 1 1 0 1 0 0 1 1 1 0 0 0 1 0 1 1 1 1 1 1 1 1 1 
0 1 1 1 0 1 0 0 1 1 1 0 0 0 1 0 1 1 1 1 1 1 1 1 1 
0 1 1 1 0 1 0 0 1 1 1 0 0 0 1 0 1 1 1 1 1 1 1 1 1 
0 1 1 1 0 1 0 0 1 1 1 0 0 0 1 0 1 1 1 1 1 1 1 1 1 
0 1 1 1 0 1 0 0 1 1 1 0 0 0 1 0 1 1 1 1 1 1 1 1 1 
0 1 1 1 0 1 0 0 1 1 1 0 0 0 1 0 1 1 1 1 1 1 1 1 1 
0 1 1 1 0 1 0 0 1 1 1 0 0 0 1 0 1 1 1 1 1 1 1 1 1 
0 1 1 1 0 1 0 0 1 1 1 0 0 0 1 0 1 1 1 1 1 1 1 1 1 
0 1 1 1 0 1 0 0 1 1 1 0 0 0 1 0 1 1 1 1 1 1 1 1 1 
0 1 1 1 0 1 0 0 1 1 1 0 0 0 1 0 1 1 1 1 1 1 1 1 1 
0 1 1 1 0 1 0 0 1 1 1 0 0 0 1 0 1 1 1 1 1 1 1 1 1 
0 1 1 1 0 1 0 0 1 1 1 0 0 0 1 0 1 1 1 1 1 1 1 1 1 
0 1 1 1 0 1 0 0 1 1 1 0 0 0 1 0 1 1 1 1 1 1 1 1 1 
0 1 1 1 0 1 0 0 1 1 1 0 0 0 1 0 1 1 1 1 1 1 1 1 1 
0 1 1 1 0 1 0 0 1 1 1 0 0 0 1 0 1 1 1 1 1 1 1 1 1 
0 1 1 1 0 1 0 0 1 1 1 0 0 0 1 0 1 1 1 1 1 1 1 1 1 
0 1 1 1 0 1 0 0 1 1 1 0 0 0 1 0 1 1 1 1 1 1 1 1 1 
0 1 1 1 0 1 0 0 1 1 1 0 0 0 1 0 1 1 1 1 1 1 1 1 1 
0 1 1 1 0 1 0 0 1 1 1 0 0 0 1 0 1 1 1 1 1 1 1 1 1 
0 1 1 1 0 1 0 0 1 1 1 0 0 0 1 0 1 1 1 1 1 1 1 1 1 
0 1 1 1 0 1 0 0 1 1 1 0 0 0 1 0 1 1 1 1 1 1 1 1 1 
0 1 1 1 0 1 0 0 1 1 1 0 0 0 1 0 1 1 1 1 1 1 1 1 1 
0 1 1 1 0 1 0 0 1 1 1 0 0 0 1 0 1 1 1 1 1 1 1 1 1 
0 1 1 1 0 1 0 0 1 1 1 0 0 0 1 0 1 1 1 1 1 1 1 1 1 
0 1 1 1 0 1 0 0 1 1 1 0 0 0 1 0 1 1 1 1 1 1 1 1 1 
0 1 1 1 0 1 0 0 1 1 1 0 0 0 1 0 1 1 1 1 1 1 1 1 1 
0 1 1 1 0 1 0 0 1 1 1 0 0 0 1 0 1 1 1 1 1 1 1 1 1 
0 1 1 1 0 1 0 0 1 1 1 0 0 0 1 0 1 1 1 1 1 1 1 1 1 
0 1 1 1 0 1 0 0 1 1 1 0 0 0 1 0 1 1 1 1 1 1 1 1 1 
0 1 1 1 0 1 0 0 1 1 1 0 0 0 1 0 1 1 1 1 1 1 1 1 1 
0 1 1 1 0 1 0 0 1 1 1 0 0 0 1 0 1 1 1 1 1 1 1 1 1 
0 1 1 1 0 1 0 0 1 1 1 0 0 0 1 0 1 1 1 1 1 1 1 1 1 
