0 1
0.26 0
0.52 0
0.78 0
1.04 -0.898838
1.3 -0.172149
1.56 -0.492857
1.82 0.317404
2.08 -0.629682
2.34 -0.873086
2.6 -0.0856114
2.86 0.195092
3.12 0.589904
3.38 0.249472
3.64 -0.0565769
3.9 -0.212701
4.16 -0.256349
4.42 -0.0935261
4.68 -0.16835
4.94 -0.329516
5.2 -0.0408505
5.46 -0.55495
5.72 -0.438985
5.98 -0.0607557
6.24 0.00681246
6.5 -0.0366503
6.76 -0.0676959
7.02 -0.249468
7.28 -0.0312706
7.54 -0.125125
7.8 -0.186917
8.06 0.00770653
8.32 -0.123316
8.58 -0.342563
8.84 -0.15567
9.1 -0.17227
9.36 0.0938861
9.62 0.143793
9.88 0.0856602
10.14 -0.203356
10.4 -0.05253
10.66 -0.0988072
10.92 -0.101741
11.18 0.078095
11.44 0.207505
11.7 -0.0531561
11.96 -0.150871
12.22 -0.0416432
12.48 -0.0500498
12.74 -0.0543748
13 -0.017451
13.26 -0.0569967
13.52 -0.107688
13.78 0.0101217
14.04 -0.0365362
14.3 -0.0778456
14.56 -0.11546
14.82 0.0594508
15.08 -0.0569729
15.34 -0.0703856
15.6 -0.103227
15.86 -0.104476
16.12 -0.104873
16.38 -0.26521
16.64 -0.0137863
16.9 -0.00599346
17.16 -0.394666
17.42 -0.262966
17.68 -0.0805595
17.94 -0.0138432
18.2 -0.618162
18.46 0
18.72 0
18.98 0
19.24 0
19.5 0
19.76 0
20.02 0
20.28 0
20.54 0
20.8 0
21.06 0
21.32 0
21.58 0
21.84 0
22.1 0
22.36 0
22.62 0
22.88 0
23.14 0
23.4 0
23.66 0
23.92 0
24.18 0
24.44 0
24.7 0
24.96 0
25.22 0
25.48 0
25.74 0
