0 1
0.26 0
0.52 0
0.78 0
1.04 -1.54451
1.3 -0.162006
1.56 -0.342142
1.82 0.0888453
2.08 -1.15403
2.34 -1.21878
2.6 -0.34255
2.86 -0.0117709
3.12 0.432485
3.38 -0.171918
3.64 -0.292072
3.9 -0.0934921
4.16 -0.165238
4.42 0.0328525
4.68 -0.0879921
4.94 -0.846527
5.2 -0.393393
5.46 -0.335864
5.72 -0.18232
5.98 -0.230401
6.24 -0.549208
6.5 -0.227612
6.76 -0.386356
7.02 -0.289602
7.28 -0.0639543
7.54 0.0483452
7.8 0.0128011
8.06 -0.0642093
8.32 -0.0916289
8.58 -0.469824
8.84 -0.274655
9.1 0.107402
9.36 0.0359022
9.62 0.333646
9.88 0.292907
10.14 0.0482183
10.4 0.169673
10.66 0.0530666
10.92 -0.105535
11.18 -0.24479
11.44 0.07598
11.7 -0.0272933
11.96 -0.0173204
12.22 0.0205292
12.48 -0.0633011
12.74 0.0486821
13 -0.0472082
13.26 -0.0905438
13.52 -0.191631
13.78 -0.137727
14.04 -0.105507
14.3 -0.188622
14.56 -0.0738072
14.82 -0.0716487
15.08 -0.0156492
15.34 0.0156763
15.6 0.00827429
15.86 -0.105707
16.12 -0.0545588
16.38 -0.099218
16.64 -0.0438174
16.9 -0.0976858
17.16 -0.0286437
17.42 -0.149861
17.68 -0.183199
17.94 -0.224073
18.2 -0.212746
18.46 0
18.72 0
18.98 0
19.24 0
19.5 0
19.76 0
20.02 0
20.28 0
20.54 0
20.8 0
21.06 0
21.32 0
21.58 0
21.84 0
22.1 0
22.36 0
22.62 0
22.88 0
23.14 0
23.4 0
23.66 0
23.92 0
24.18 0
24.44 0
24.7 0
24.96 0
25.22 0
25.48 0
25.74 0
26 0
