-0.34 0 0
-0.33 1 0
-0.32 0 0
-0.31 23 0
-0.3 1 0
-0.29 0 0
-0.28 0 0
-0.27 12 0
-0.26 0 0
-0.25 0 0
-0.24 0 0
-0.23 23 0
-0.22 1 0
-0.21 0 0
-0.2 0 0
-0.19 0 0
-0.18 30 0
-0.17 0 0
-0.16 2 0
-0.15 0 0
-0.14 1 0
-0.13 0 0
-0.12 24 0
-0.11 2 0
-0.1 1 0
-0.09 0 0
-0.08 4 0
-0.07 3 0
-0.06 2 0
-0.05 3 0
-0.04 7 0
-0.03 4 0
-0.02 4 0
-0.01 12 0
-1.11759e-008 30295 0
0.00999999 12 0
0.02 4 0
0.03 4 0
0.04 7 0
0.05 3 0
0.06 2 0
0.07 3 0
0.08 4 0
0.09 0 0
0.1 0 0
0.11 2 0
0.12 24 0
0.13 0 0
0.14 1 0
0.15 0 0
0.16 2 0
0.17 0 0
0.18 30 0
0.19 0 0
0.2 0 0
0.21 0 0
0.22 1 0
0.23 23 0
0.24 0 0
0.25 0 0
0.26 0 0
0.27 12 0
0.28 0 0
0.29 0 0
0.3 1 0
0.31 23 0
0.32 0 0
0.33 1 0
0.34 0 0
