0 1
0.26 0
0.52 0
0.78 0
1.04 -0.370049
1.3 -0.097362
1.56 -0.349815
1.82 -0.173128
2.08 -1.02794
2.34 -0.65812
2.6 -0.388859
2.86 -0.136517
3.12 0.314071
3.38 -0.241964
3.64 -0.269747
3.9 -0.00945226
4.16 -0.199395
4.42 -0.174034
4.68 -0.00571535
4.94 -0.211972
5.2 -0.0676599
5.46 -0.242955
5.72 -0.186957
5.98 -0.399653
6.24 -0.379881
6.5 -0.206028
6.76 -0.00345221
7.02 -0.178128
7.28 0.0074758
7.54 0.0268666
7.8 -0.208009
8.06 -0.339796
8.32 -0.0378629
8.58 -0.333024
8.84 -0.0806945
9.1 -0.00876717
9.36 0.119074
9.62 0.176044
9.88 0.169387
10.14 0.0160392
10.4 0.101712
10.66 -0.0135631
10.92 -0.0412106
11.18 -0.152222
11.44 0.0551012
11.7 -0.0372613
11.96 -0.220013
12.22 -0.0248745
12.48 -0.120369
12.74 -0.125209
13 0.0382043
13.26 0.0148351
13.52 -0.0281581
13.78 -0.0499302
14.04 -0.127787
14.3 -0.0788996
14.56 -0.0780803
14.82 -0.0371526
15.08 -0.094732
15.34 -0.0650983
15.6 -0.0418723
15.86 -0.0328532
16.12 -0.0193695
16.38 -0.042862
16.64 -0.0556537
16.9 -0.181684
17.16 -0.191917
17.42 -0.063347
17.68 -0.00921643
17.94 -0.0152366
18.2 -0.512389
18.46 0
18.72 0
18.98 0
19.24 0
19.5 0
19.76 0
20.02 0
20.28 0
20.54 0
20.8 0
21.06 0
21.32 0
21.58 0
21.84 0
22.1 0
22.36 0
22.62 0
22.88 0
23.14 0
23.4 0
23.66 0
23.92 0
24.18 0
24.44 0
24.7 0
24.96 0
25.22 0
25.48 0
25.74 0
